date,daily_volume,bin_num,bin_volume,quote_imbalance,volatility
2020-09-01,28334802,0,142263,0.34260026646151154,
2020-09-01,28334802,1,2960625,-0.3159515329925891,
2020-09-01,28334802,2,2175986,-0.38643696845484937,
2020-09-01,28334802,3,2462665,-0.030193385040044696,
2020-09-01,28334802,4,1743486,-0.2022148174421642,0.008409696711705838
2020-09-01,28334802,5,704974,0.05426450618429742,0.009073197870723483
2020-09-01,28334802,6,717938,-0.17697545458512468,0.00536698160761245
2020-09-01,28334802,7,1165775,-0.15097727278698905,0.004977601007978109
2020-09-01,28334802,8,1155786,0.12799422767025964,0.0043769106357622635
2020-09-01,28334802,9,883500,-0.19421088594879055,0.0032878581433083277
2020-09-01,28334802,10,2035782,-0.48320514104381074,0.0031271824241759314
2020-09-01,28334802,11,1633271,0.09921834660426228,0.004297092987476646
2020-09-01,28334802,12,1005034,-0.1110701850471317,0.004985155712275772
2020-09-01,28334802,13,957043,-0.16841784936471826,0.006125259302184106
2020-09-01,28334802,14,759369,0.014525017238497591,0.006494448119760639
2020-09-01,28334802,15,440740,0.17879043665932573,0.005966068679154101
2020-09-01,28334802,16,435995,0.20916498832338595,0.005533161691434834
2020-09-01,28334802,17,395722,0.1747391997405162,0.0041912796560141866
2020-09-01,28334802,18,520074,-0.1137435356246907,0.0036459605295962928
2020-09-01,28334802,19,647748,0.012048441269352525,0.0034241891112420787
2020-09-01,28334802,20,260221,-0.19026634186898497,0.002830269533592767
2020-09-01,28334802,21,528351,-0.2122469578448192,0.002485075938099449
2020-09-01,28334802,22,1048591,0.3329041113030297,0.00209439372116723
2020-09-01,28334802,23,1254842,0.04226836624951236,0.0030122934356280142
2020-09-01,28334802,24,2299021,-0.2253645206928409,0.004264431630121702
2020-09-02,22521844,0,109000,-0.4017856594613511,0.004466336399592992
2020-09-02,22521844,1,2339213,-0.05298263200470116,0.004321596044149407
2020-09-02,22521844,2,1636684,-0.1432862471336519,0.005181069351142787
2020-09-02,22521844,3,1101758,0.31453219718806513,0.005029301456427963
2020-09-02,22521844,4,597816,-0.28256134940792127,0.006310143888156536
2020-09-02,22521844,5,618904,0.018211685151661418,0.0070027623908107016
2020-09-02,22521844,6,601325,-0.1351397988560319,0.005980281107972055
2020-09-02,22521844,7,684491,-0.04856572444956575,0.005629739460024434
2020-09-02,22521844,8,519786,-0.006217150350894353,0.004297078694242654
2020-09-02,22521844,9,766884,0.15428469806584674,0.003303263525851154
2020-09-02,22521844,10,841080,-0.3276554437494776,0.003738613745761771
2020-09-02,22521844,11,1711443,-0.29008557496175397,0.0038955738710419975
2020-09-02,22521844,12,909102,-0.2996186304464364,0.0056113863749300405
2020-09-02,22521844,13,712992,0.05058194521660976,0.006124846130790978
2020-09-02,22521844,14,608830,0.16451978729805278,0.006687952304268023
2020-09-02,22521844,15,500288,-0.047783169475370826,0.006486911951890036
2020-09-02,22521844,16,686442,0.4017592777856887,0.004858889513602997
2020-09-02,22521844,17,533000,-0.3841912716142164,0.004305763943357399
2020-09-02,22521844,18,811808,0.012676419715296637,0.0028286952412129697
2020-09-02,22521844,19,590475,-0.48697298296554686,0.003257074013573124
2020-09-02,22521844,20,1268570,-0.04316295091852426,0.0032631007198156183
2020-09-02,22521844,21,1958670,0.0827458570439715,0.0029896274246888556
2020-09-02,22521844,22,790205,0.1267261783318474,0.005927660849097719
2020-09-02,22521844,23,811407,-0.2663182421256272,0.0058467734565340245
2020-09-02,22521844,24,811671,0.19435657856318142,0.006026215222938536
2020-09-03,32546864,0,74988,0.36410017477890144,0.006215046679462337
2020-09-03,32546864,1,3073576,0.11800024643447156,0.0033785226663581125
2020-09-03,32546864,2,4014368,-0.2384827709183011,0.009564595831587863
2020-09-03,32546864,3,2632772,-0.2412638675365654,0.01117588996754987
2020-09-03,32546864,4,1551541,-0.0004900526865896241,0.01174895247558523
2020-09-03,32546864,5,870665,-0.10011890087844479,0.012181221699346715
2020-09-03,32546864,6,1093702,-0.13300533871101994,0.008428173075376707
2020-09-03,32546864,7,808500,0.286547611838906,0.007129294531094461
2020-09-03,32546864,8,640500,-0.08784529798537752,0.006272541472833809
2020-09-03,32546864,9,699290,-0.15699802149594316,0.006126466482461118
2020-09-03,32546864,10,471250,0.16259099638428712,0.005911188535469668
2020-09-03,32546864,11,986610,0.36465962133325014,0.005176209113220733
2020-09-03,32546864,12,724385,-0.16317957763714283,0.005900560537982414
2020-09-03,32546864,13,582293,-0.00482571739613433,0.005471348982173962
2020-09-03,32546864,14,383287,0.4586524717467165,0.005459281427558318
2020-09-03,32546864,15,414307,0.3942706615480364,0.004793622830392409
2020-09-03,32546864,16,375600,0.0006393025541251986,0.003547420081319007
2020-09-03,32546864,17,752430,0.5576646073704534,0.003263852834575483
2020-09-03,32546864,18,1550249,0.1306973371443186,0.0036750447793176106
2020-09-03,32546864,19,1470377,-0.09325247311031253,0.004823733900974524
2020-09-03,32546864,20,1308886,0.2749959984019856,0.005421700717646569
2020-09-03,32546864,21,2394081,-0.6522111728441227,0.0056924988496853965
2020-09-03,32546864,22,2875336,-0.17556690078486423,0.006126670927980903
2020-09-03,32546864,23,1296550,-0.44675039671883177,0.006473838281661368
2020-09-03,32546864,24,1501321,-0.15323664580817498,0.006820727824377223
2020-09-04,32612944,0,366249,0.3695110544681593,0.007001848801116254
2020-09-04,32612944,1,4675944,0.12228415447297503,0.006079567796146868
2020-09-04,32612944,2,4007063,-0.1871271093143564,0.00698683732510011
2020-09-04,32612944,3,3492173,-0.35199858454457866,0.006355194327515717
2020-09-04,32612944,4,4136165,-0.6542591240501314,0.008293797282529157
2020-09-04,32612944,5,1502499,0.06212704319769867,0.009475679550342406
2020-09-04,32612944,6,993134,0.0761646954389302,0.008829111956780896
2020-09-04,32612944,7,956596,0.12421731047086138,0.008989580205720368
2020-09-04,32612944,8,500790,0.0472981554076629,0.007568213161895859
2020-09-04,32612944,9,645270,-0.24436409885301608,0.006321908274100756
2020-09-04,32612944,10,589281,-0.5600821283323358,0.005871757719584371
2020-09-04,32612944,11,719937,-0.14728036575978973,0.005407933054276208
2020-09-04,32612944,12,717947,0.23031782887965604,0.004693871640590705
2020-09-04,32612944,13,1051615,-0.16096996341870168,0.004841365830414467
2020-09-04,32612944,14,947300,-0.28120717990977423,0.004780675772142821
2020-09-04,32612944,15,625700,-0.18673716355207004,0.004621542294510082
2020-09-04,32612944,16,770033,-0.471758269927312,0.004696731444423849
2020-09-04,32612944,17,620540,0.1931549592113142,0.004637275944950143
2020-09-04,32612944,18,690506,0.3044156310974328,0.003773127851160621
2020-09-04,32612944,19,443876,0.010533178013387946,0.003819677761970166
2020-09-04,32612944,20,425987,0.3488502805846752,0.0036082108116320924
2020-09-04,32612944,21,666580,-0.019183949226078707,0.003089217519402021
2020-09-04,32612944,22,677860,-0.038495064338838654,0.0029034204295951284
2020-09-04,32612944,23,1096689,0.27277846593524097,0.003440299646872509
2020-09-04,32612944,24,1293210,0.01373103173415561,0.004251213212038348
2020-09-07,26594559,0,182950,0.4074251468721963,0.004423363844613986
2020-09-07,26594559,1,2131152,0.020514962199945523,0.004185916094162294
2020-09-07,26594559,2,1586503,0.06313529853417695,0.00766689405397807
2020-09-07,26594559,3,1117130,-0.13211367947662075,0.007866958029042947
2020-09-07,26594559,4,1058700,-0.16587589330651417,0.008256068691725838
2020-09-07,26594559,5,1328950,-0.35403176687511984,0.008837555499344635
2020-09-07,26594559,6,1007190,-0.14951077306157984,0.0062087034047998355
2020-09-07,26594559,7,962650,-0.07251671633215062,0.006094881964999034
2020-09-07,26594559,8,1346760,-0.06620322501870148,0.006051423694392798
2020-09-07,26594559,9,1424362,-0.29871347181301255,0.005864533100628015
2020-09-07,26594559,10,1540853,-0.019443563635134234,0.006335230714413968
2020-09-07,26594559,11,1069542,0.006690769747864891,0.009083963113021766
2020-09-07,26594559,12,626830,-0.6991521495185534,0.010269015836955187
2020-09-07,26594559,13,577610,-0.5715723551122321,0.010154639001339909
2020-09-07,26594559,14,544700,0.016892047079213,0.010451124403127454
2020-09-07,26594559,15,445800,-0.34784621041663316,0.0075703162042846245
2020-09-07,26594559,16,558038,-0.46146421636765234,0.005580125511518489
2020-09-07,26594559,17,830385,-0.23211419797661673,0.005277885345854583
2020-09-07,26594559,18,891600,-0.12689590420012514,0.003610320339914914
2020-09-07,26594559,19,1114901,-0.0685530908341628,0.004441509613567588
2020-09-07,26594559,20,1023900,-0.1738528030340304,0.003969735565988121
2020-09-07,26594559,21,926330,-0.21863070161810658,0.004564269737945626
2020-09-07,26594559,22,1296131,0.17752596922892583,0.004862536850076291
2020-09-07,26594559,23,1824469,-0.06605902639784697,0.005384056721671631
2020-09-07,26594559,24,1177123,0.12983486903071678,0.0065777677306208355
2020-09-08,17573678,0,69300,0.3715266321101227,0.006987866190038701
2020-09-08,17573678,1,1694180,0.16038877381501357,0.006524733190600706
2020-09-08,17573678,2,1496759,0.13390564671437966,0.007796662934492579
2020-09-08,17573678,3,1073120,-0.08403334632037031,0.007951158392217956
2020-09-08,17573678,4,1146255,-0.006999560065160301,0.008363474377444528
2020-09-08,17573678,5,710719,0.3020686724834766,0.010063152187099933
2020-09-08,17573678,6,495071,0.31776294686753864,0.008517525440409273
2020-09-08,17573678,7,469730,0.26440567249815894,0.007914985153412674
2020-09-08,17573678,8,344900,0.18737402278066242,0.006790433063607378
2020-09-08,17573678,9,376416,-0.15272418349028422,0.004005600107633514
2020-09-08,17573678,10,335176,-0.19736528542841664,0.0036912814433940795
2020-09-08,17573678,11,735273,0.04150845185801967,0.002721713073423187
2020-09-08,17573678,12,500798,0.18630977448126135,0.0027280835351012537
2020-09-08,17573678,13,846700,-0.3838466017311147,0.002924397154952713
2020-09-08,17573678,14,545970,-0.3898633296032584,0.003637226363477948
2020-09-08,17573678,15,738100,-0.35409687706853793,0.004244077078043278
2020-09-08,17573678,16,334079,-0.2206818224896553,0.004054917306004533
2020-09-08,17573678,17,423691,-0.4358981011034356,0.004030270384515696
2020-09-08,17573678,18,571480,-0.03488407172293282,0.0034211601663534153
2020-09-08,17573678,19,511928,0.4384056521678577,0.0025711930074773844
2020-09-08,17573678,20,521452,-0.037123598625913475,0.00259851291466223
2020-09-08,17573678,21,726161,-0.07138453021763516,0.002742445180277721
2020-09-08,17573678,22,1278832,0.5880057079100237,0.004755329637960315
2020-09-08,17573678,23,699714,0.3550673749187897,0.005613696911775533
2020-09-08,17573678,24,927874,-0.5032147017466481,0.005756433661435408
2020-09-09,24701291,0,179794,0.36070829742863003,0.005739937684913018
2020-09-09,24701291,1,4091602,0.014474177601856675,0.00402196369712574
2020-09-09,24701291,2,1974307,-0.2254217720326521,0.009372470970184489
2020-09-09,24701291,3,1280060,-0.09983390123774448,0.010462124463980304
2020-09-09,24701291,4,1221633,0.4824697087934493,0.010715116391991136
2020-09-09,24701291,5,1187420,0.21586513961774317,0.011863784326962048
2020-09-09,24701291,6,1027167,0.20282219049031786,0.008227296910547707
2020-09-09,24701291,7,2209425,-0.10996306984176873,0.006989864615744239
2020-09-09,24701291,8,860178,-0.2541291407137953,0.006838902060296474
2020-09-09,24701291,9,800821,-0.35784752141508425,0.0047955384866984856
2020-09-09,24701291,10,830462,0.17874811433540105,0.0048376817527303
2020-09-09,24701291,11,571020,-0.11610272038464986,0.004831997224012275
2020-09-09,24701291,12,631300,0.3191033250186212,0.004391710340553188
2020-09-09,24701291,13,656800,0.21903269283649243,0.0044496575295807006
2020-09-09,24701291,14,784656,0.3382020750601287,0.004641791699532902
2020-09-09,24701291,15,440505,0.16037204932156962,0.004376689115540116
2020-09-09,24701291,16,434944,0.28727953748121016,0.004337913118893877
2020-09-09,24701291,17,496230,0.17754013915426664,0.004273271483070461
2020-09-09,24701291,18,388462,0.18059815899043347,0.0039617809574107885
2020-09-09,24701291,19,498955,-0.24535937954684792,0.0036798922553107926
2020-09-09,24701291,20,425620,0.05896934972101673,0.0038492441829385124
2020-09-09,24701291,21,684110,-0.06909993776576531,0.003785039282507169
2020-09-09,24701291,22,594510,-0.06471415567493462,0.003067789774566652
2020-09-09,24701291,23,930479,-0.02475461052340925,0.0029855185941351876
2020-09-09,24701291,24,1500831,0.09747400272285608,0.00295647169400399
2020-09-10,18651184,0,123721,0.38905292346969556,0.003105541057225594
2020-09-10,18651184,1,1847003,0.09554727720189213,0.002466620540987103
2020-09-10,18651184,2,1870591,-0.15124316213925432,0.0041325689657347635
2020-09-10,18651184,3,1035843,0.1780830803143893,0.005917799553324784
2020-09-10,18651184,4,1367615,0.3436586523505218,0.0061349145337504605
2020-09-10,18651184,5,806464,0.04439581464056068,0.007855970835698152
2020-09-10,18651184,6,635585,0.10845855133862098,0.0072487387778436664
2020-09-10,18651184,7,603550,-0.16850431941928853,0.00589493011622741
2020-09-10,18651184,8,543087,0.2552488282978159,0.005715235284215092
2020-09-10,18651184,9,625739,0.04940815249261359,0.003511251062574896
2020-09-10,18651184,10,540737,0.1629190211944323,0.0037627903624520647
2020-09-10,18651184,11,361687,-0.044517979649431674,0.003910269477491267
2020-09-10,18651184,12,335196,-0.04933293068655498,0.0037420396087710374
2020-09-10,18651184,13,453010,-0.04310960246680228,0.003568255531636656
2020-09-10,18651184,14,494650,0.5369704793682618,0.0036419725352508456
2020-09-10,18651184,15,391397,0.3316771682498913,0.00401113524240001
2020-09-10,18651184,16,460763,-0.24481574144861523,0.004195228743096836
2020-09-10,18651184,17,368590,0.2375489566544734,0.004516597491482162
2020-09-10,18651184,18,357100,0.019502382661270058,0.004248808790398776
2020-09-10,18651184,19,352648,-0.0988273941151734,0.0035642530597537955
2020-09-10,18651184,20,663918,0.21236833705066926,0.003630947689363569
2020-09-10,18651184,21,754140,0.4243482305450306,0.004275399570822724
2020-09-10,18651184,22,1129216,0.0834198221683568,0.004675797988187187
2020-09-10,18651184,23,1379700,0.022238009953128177,0.00552593535820564
2020-09-10,18651184,24,1149234,0.10471654354236865,0.006242192483004824
2020-09-11,17753832,0,123932,0.37984358752051806,0.005654390694789008
2020-09-11,17753832,1,2358984,0.017363017092479283,0.00507116586620174
2020-09-11,17753832,2,1303470,0.2060728343703114,0.007672394573239301
2020-09-11,17753832,3,825678,0.14563272032496027,0.008196146143602631
2020-09-11,17753832,4,1188005,-0.04407009940375797,0.008872624944462762
2020-09-11,17753832,5,587372,-0.07010473055797369,0.009132139755824822
2020-09-11,17753832,6,624047,-0.4644585059357922,0.006914873272278228
2020-09-11,17753832,7,465598,-0.11000981007704816,0.005553769313323906
2020-09-11,17753832,8,536200,0.4067637891424282,0.004518837877509685
2020-09-11,17753832,9,548430,0.36880130871509276,0.004367242555729928
2020-09-11,17753832,10,303100,0.018135874960326297,0.0036977215910553303
2020-09-11,17753832,11,287100,0.15569498486528982,0.003387892416741852
2020-09-11,17753832,12,508688,0.254158617552429,0.0028603885758674502
2020-09-11,17753832,13,290770,-0.06030956793061417,0.0032404243755879258
2020-09-11,17753832,14,469777,0.14315327471371456,0.003270458660619545
2020-09-11,17753832,15,399151,-0.059364730653548366,0.0035591506591411363
2020-09-11,17753832,16,745226,0.2309815977724901,0.0034908378161759806
2020-09-11,17753832,17,519719,-0.21468530795188817,0.0035192440114707796
2020-09-11,17753832,18,1116321,0.3379124167868554,0.00346050309643137
2020-09-11,17753832,19,419816,0.02437737088581405,0.0037299350732018237
2020-09-11,17753832,20,503052,0.2312183531519749,0.003758726801100483
2020-09-11,17753832,21,630886,0.2354577857457978,0.003250964286754726
2020-09-11,17753832,22,927336,0.4689227615926374,0.003224429899109271
2020-09-11,17753832,23,1018710,0.330181648277863,0.0026587243635262047
2020-09-11,17753832,24,1052464,-0.17673561170108595,0.003099890508734776
2020-09-14,19164493,0,237330,0.36120431108757795,0.003221251443605088
2020-09-14,19164493,1,2946587,0.016509445182665512,0.0029064286951659807
2020-09-14,19164493,2,1883786,0.5447365697485923,0.005887418998248347
2020-09-14,19164493,3,1601730,-0.017974934915212373,0.006269723490325756
2020-09-14,19164493,4,1062430,0.06350549055064243,0.007343364582345738
2020-09-14,19164493,5,773426,-0.061883779484508496,0.007844465744032731
2020-09-14,19164493,6,582223,-0.3286509535123696,0.006131280396330605
2020-09-14,19164493,7,706300,0.4388377023619582,0.005739035452135997
2020-09-14,19164493,8,749225,0.2213160917100226,0.004186463924669544
2020-09-14,19164493,9,683958,0.3577144074550477,0.003462181038078513
2020-09-14,19164493,10,664816,-0.09744901558332401,0.0034992701803467034
2020-09-14,19164493,11,443360,-0.12138618826779952,0.0036379992795842497
2020-09-14,19164493,12,389500,-0.4468918067606306,0.0035050762807728587
2020-09-14,19164493,13,551457,0.7206214558200998,0.003393593671232439
2020-09-14,19164493,14,439483,0.016224213104513486,0.0032485974307956676
2020-09-14,19164493,15,388750,0.3382337673570681,0.00269756281029544
2020-09-14,19164493,16,609599,-0.004095148498434333,0.0026276854565488025
2020-09-14,19164493,17,405854,0.6554134531466589,0.0028422893101662356
2020-09-14,19164493,18,724534,0.626292392624647,0.00249099888845567
2020-09-14,19164493,19,465947,-0.08717164472739407,0.002964550928906029
2020-09-14,19164493,20,692096,0.3278962785719925,0.002946609994158085
2020-09-14,19164493,21,468553,0.13724125476535695,0.0025961094121482405
2020-09-14,19164493,22,395970,0.31175906997472047,0.002692765851833423
2020-09-14,19164493,23,619820,-0.10177710721706229,0.0021043220230104786
2020-09-14,19164493,24,677759,0.06894934806472688,0.002158025874522902
2020-09-15,17626960,0,43600,0.13721048533081565,0.002276094828659026
2020-09-15,17626960,1,2016806,0.10622992584607946,0.0017483273585495586
2020-09-15,17626960,2,3805782,0.1185593842254731,0.006830414693208741
2020-09-15,17626960,3,1256740,0.2942314303948494,0.008907551885678914
2020-09-15,17626960,4,875680,-0.29305893319791293,0.009491038713169767
2020-09-15,17626960,5,616860,-0.1169357384388696,0.009714523219018698
2020-09-15,17626960,6,413454,-0.010329638784475332,0.007510518411867685
2020-09-15,17626960,7,446247,-0.07125613102010223,0.005467669491576019
2020-09-15,17626960,8,366527,0.4273205091404923,0.004784582164250237
2020-09-15,17626960,9,225540,-0.4112928079081195,0.004705938840963868
2020-09-15,17626960,10,416440,0.25900124874119124,0.00434668070169387
2020-09-15,17626960,11,537160,-0.07503458012800163,0.004184608638895143
2020-09-15,17626960,12,278668,0.4527060114683262,0.003805622451796275
2020-09-15,17626960,13,326604,-0.1179747665652406,0.0038938400227766503
2020-09-15,17626960,14,254110,0.1794131583884473,0.004141738315489629
2020-09-15,17626960,15,261080,0.44342409073646993,0.003664077605971294
2020-09-15,17626960,16,252154,0.3458458338782819,0.0036046888918704516
2020-09-15,17626960,17,571816,-0.1673487046577468,0.0031568076988138403
2020-09-15,17626960,18,1226542,0.05423591844893476,0.002447223745212811
2020-09-15,17626960,19,577674,0.05210801792887291,0.0028606536993950344
2020-09-15,17626960,20,358390,-0.29211813549395904,0.003623236002104378
2020-09-15,17626960,21,456100,0.6435036070204213,0.0036826101055549144
2020-09-15,17626960,22,397420,0.2288071287615196,0.0036280333314393748
2020-09-15,17626960,23,753775,0.3717404748534639,0.0032594330253892592
2020-09-15,17626960,24,891791,0.4473810346125315,0.002442011237920874
2020-09-16,16985006,0,184200,-0.4100763724457829,0.0024375901006951956
2020-09-16,16985006,1,1280721,0.18912064416887617,0.002236356970804844
2020-09-16,16985006,2,572230,-0.039888991883986896,0.005325918856745672
2020-09-16,16985006,3,913597,0.11045360031522598,0.005712577376301949
2020-09-16,16985006,4,1708512,0.19221692456565695,0.006407844236017881
2020-09-16,16985006,5,913870,0.05333682440473209,0.006999814454898128
2020-09-16,16985006,6,550662,0.4219294577009725,0.005240971956235464
2020-09-16,16985006,7,981303,0.06037513334600366,0.004892589144810504
2020-09-16,16985006,8,1643528,0.08555355006067653,0.00433505188668824
2020-09-16,16985006,9,1246162,-0.6456140053425847,0.004043259027998164
2020-09-16,16985006,10,581840,-0.018650652666246173,0.0038186668978098743
2020-09-16,16985006,11,316060,0.1772205421674735,0.00414331472244679
2020-09-16,16985006,12,516665,-0.5848650162020577,0.003733445992275104
2020-09-16,16985006,13,458862,0.20910463976929528,0.00369143922407371
2020-09-16,16985006,14,643304,0.1800394747270843,0.003498585430108739
2020-09-16,16985006,15,302899,0.09478567478198102,0.003081625744834712
2020-09-16,16985006,16,153150,-0.4399632668307838,0.0036443348061189003
2020-09-16,16985006,17,199490,-0.4307995568352174,0.003076104577135242
2020-09-16,16985006,18,561717,-0.5168798951856721,0.0031572615633737983
2020-09-16,16985006,19,842060,-0.4141421193478209,0.003450976560898697
2020-09-16,16985006,20,627068,-0.2390362714607857,0.002912491309453592
2020-09-16,16985006,21,425206,0.23846187793807339,0.0028687212547706346
2020-09-16,16985006,22,270600,-0.2711723739575668,0.0032718084054970203
2020-09-16,16985006,23,440380,-0.3565955403243823,0.00281886426852625
2020-09-16,16985006,24,650920,-0.020679948488969452,0.002849184630621477
2020-09-17,17467016,0,60400,-0.19509561990700203,0.0027662237347798615
2020-09-17,17467016,1,771049,0.04053558434147639,0.002051613489788338
2020-09-17,17467016,2,1587085,0.05145424640200161,0.003418406385418616
2020-09-17,17467016,3,2572852,-0.24326627079418683,0.004382699973893854
2020-09-17,17467016,4,1534213,0.07773218241710514,0.005807699278606895
2020-09-17,17467016,5,976860,-0.3717839489131864,0.006386315574450191
2020-09-17,17467016,6,678258,-0.07528518928797916,0.0060941113170501805
2020-09-17,17467016,7,553315,-0.17955479530427249,0.005785744338957665
2020-09-17,17467016,8,389180,-0.4894579723106983,0.004624449065001208
2020-09-17,17467016,9,387400,-0.5270566102184784,0.004376428291423801
2020-09-17,17467016,10,186110,-0.25589247761492545,0.004053672369843384
2020-09-17,17467016,11,224110,-0.07662339490851787,0.0034362490253759532
2020-09-17,17467016,12,311708,0.10497543054779064,0.0030090234226514056
2020-09-17,17467016,13,401362,-0.6235602198910283,0.0027098253097154546
2020-09-17,17467016,14,472000,0.028646365628263344,0.002424916489049482
2020-09-17,17467016,15,1115945,-0.16310934791546708,0.00287969309030427
2020-09-17,17467016,16,426363,0.04879126067089466,0.0030957506858291586
2020-09-17,17467016,17,603188,-0.3646282447229157,0.0029312587550241373
2020-09-17,17467016,18,887363,-0.44630070443595926,0.0034914975167082253
2020-09-17,17467016,19,793300,-0.012842769157219425,0.004909510774779554
2020-09-17,17467016,20,410800,-0.08713043945009323,0.005076907038871472
2020-09-17,17467016,21,320000,-0.5526677590678262,0.00494194866922278
2020-09-17,17467016,22,378800,-0.43963131765272706,0.004641652201008086
2020-09-17,17467016,23,632250,0.00817915789587485,0.002775626500606774
2020-09-17,17467016,24,793105,-0.10055021584984392,0.00274501431741142
2020-09-18,15713099,0,60800,-0.37806663317654254,0.0035806106149583925
2020-09-18,15713099,1,1018746,0.13674903317028322,0.0033287802252367966
2020-09-18,15713099,2,990670,-0.45528656039866017,0.004652336063200725
2020-09-18,15713099,3,640807,-0.044650781279290515,0.005259661460942413
2020-09-18,15713099,4,545030,0.29672266069986586,0.005378340745366019
2020-09-18,15713099,5,537988,-0.4355858703543323,0.005864068901234531
2020-09-18,15713099,6,683234,-0.3869879436649658,0.004884624027102894
2020-09-18,15713099,7,769800,0.00789598769938241,0.0042307720951167945
2020-09-18,15713099,8,843831,-0.22781439916827984,0.003740906508995398
2020-09-18,15713099,9,671740,-0.24244774276350398,0.003269095071208268
2020-09-18,15713099,10,598640,-0.38485971092251947,0.003071006679052858
2020-09-18,15713099,11,585718,-0.03495891572148474,0.002967332891802958
2020-09-18,15713099,12,486368,-0.5660034369583927,0.0030914686575237702
2020-09-18,15713099,13,423409,-0.4603237613713227,0.003288709514486434
2020-09-18,15713099,14,613732,-0.5060113689384791,0.003402398748206608
2020-09-18,15713099,15,689950,-0.18057446128409396,0.0041788766146916454
2020-09-18,15713099,16,486440,-0.25036052806208564,0.004022918555764097
2020-09-18,15713099,17,469313,-0.10243947096558248,0.003930353912079525
2020-09-18,15713099,18,398117,0.11217510054960098,0.0038297266827763336
2020-09-18,15713099,19,390670,0.04095916579401411,0.002797051331771967
2020-09-18,15713099,20,662641,0.19926337495756302,0.0024153584369165306
2020-09-18,15713099,21,678860,-0.19113291958392065,0.002177814896735002
2020-09-18,15713099,22,648250,-0.056858859328042355,0.0022541123261988665
2020-09-18,15713099,23,776529,-0.32400871915520507,0.002400676633476779
2020-09-18,15713099,24,1041816,-0.22047175749905812,0.002399196705318118
2020-09-21,16353597,0,101000,-0.37241862976984735,0.0022235442131752128
2020-09-21,16353597,1,1164430,0.0689942778635698,0.0019836125914358318
2020-09-21,16353597,2,997974,-0.2614229514894275,0.0031746015706340075
2020-09-21,16353597,3,985648,0.18004633730172548,0.0039145812470842605
2020-09-21,16353597,4,761720,0.03424528531661956,0.004845115144751283
2020-09-21,16353597,5,448283,-0.06496121518674146,0.005203796257463276
2020-09-21,16353597,6,454270,0.3100688601884906,0.0045794918205175105
2020-09-21,16353597,7,591182,-0.0759521870924354,0.004055341586459599
2020-09-21,16353597,8,1800701,-0.14146237985105797,0.00352168600093814
2020-09-21,16353597,9,785744,0.4558645753396665,0.003965789796758797
2020-09-21,16353597,10,798718,0.2913018086964815,0.004667917922606044
2020-09-21,16353597,11,688900,-0.4188322708620007,0.004783856218723406
2020-09-21,16353597,12,502900,-0.4915552760504838,0.004378196308843589
2020-09-21,16353597,13,596332,-0.03325119290127593,0.003700078274471834
2020-09-21,16353597,14,435468,0.10693072506755279,0.0026338502910922446
2020-09-21,16353597,15,297100,-0.09045842452096055,0.002324490273600465
2020-09-21,16353597,16,356140,-0.4572293525613373,0.0021373024807799412
2020-09-21,16353597,17,288500,0.23689254149924371,0.002037694440482145
2020-09-21,16353597,18,443500,0.3073797859494752,0.0018892289189593999
2020-09-21,16353597,19,1080445,-0.09884193515485401,0.0015953500829949758
2020-09-21,16353597,20,524160,0.16518397029685306,0.0017698353683893674
2020-09-21,16353597,21,793522,-0.5571236914951665,0.0022484014808016282
2020-09-21,16353597,22,455995,-0.08230952469681034,0.002561858667495077
2020-09-21,16353597,23,353580,0.607865170362801,0.0028079973103180213
2020-09-21,16353597,24,647385,-0.2723080434096763,0.0028536400996408283
2020-09-22,15497718,0,53354,0.22411739957141205,0.0025215070630329344
2020-09-22,15497718,1,1809380,-0.08973237164332176,0.0019531875665939748
2020-09-22,15497718,2,1280700,0.4534326385529165,0.004061206277067804
2020-09-22,15497718,3,859572,-0.3371656393689561,0.004277805540042228
2020-09-22,15497718,4,710086,-0.10433444919802543,0.004997194993769301
2020-09-22,15497718,5,383010,-0.07155215698200929,0.00520653746431614
2020-09-22,15497718,6,334950,0.31373333295554656,0.0037415772141179467
2020-09-22,15497718,7,349350,-0.29179284655584453,0.0035327994638233427
2020-09-22,15497718,8,303670,-0.2578123860758226,0.002329634345884917
2020-09-22,15497718,9,255900,-0.3665436060926236,0.0019442545359841703
2020-09-22,15497718,10,423500,0.5650437707589502,0.001797632144476827
2020-09-22,15497718,11,309000,-0.1734291406770337,0.0015336732699334013
2020-09-22,15497718,12,388700,0.38086736861172277,0.0015336732699334015
2020-09-22,15497718,13,487029,0.22974451894869585,0.0014564697671995853
2020-09-22,15497718,14,323037,-0.2729755233042666,0.0014269002713562379
2020-09-22,15497718,15,317318,-0.00723792455040876,0.0013632789389639653
2020-09-22,15497718,16,314064,-0.42192996940059857,0.00121263210915765
2020-09-22,15497718,17,417860,-0.04505566296506097,0.0013045077673199624
2020-09-22,15497718,18,390498,0.05095227262700207,0.001372315913852922
2020-09-22,15497718,19,442405,0.28317070771374775,0.0014038561207854181
2020-09-22,15497718,20,861850,-0.18225409802988532,0.0014671855410415202
2020-09-22,15497718,21,542951,-0.14047281111497917,0.001439296953242806
2020-09-22,15497718,22,1222293,0.31720359881612004,0.0014075406744831806
2020-09-22,15497718,23,1549445,0.18217025170274392,0.0018154019109061065
2020-09-22,15497718,24,1167796,0.6828082670336739,0.0021688472503478876
2020-09-23,33366834,0,75700,0.006439566687207921,0.0022853481619443975
2020-09-23,33366834,1,1631176,-0.4415767945063877,0.0021744363512966806
2020-09-23,33366834,2,836610,-0.1875730738611572,0.0036254362018307714
2020-09-23,33366834,3,1141978,-0.4874071948243382,0.004410899837816678
2020-09-23,33366834,4,1018677,-0.5024843695032322,0.00470914339824008
2020-09-23,33366834,5,1743583,-0.09906689449871245,0.005234855243125855
2020-09-23,33366834,6,2589360,-0.26868244711252665,0.004791109421785704
2020-09-23,33366834,7,1246400,-0.06429075005371207,0.004912188319910781
2020-09-23,33366834,8,746100,0.012549351623823061,0.004959375617048573
2020-09-23,33366834,9,957716,-0.1368303932952023,0.004580374931501433
2020-09-23,33366834,10,566460,0.4223678722280905,0.004045389455534072
2020-09-23,33366834,11,573120,0.3760343460699047,0.0033190442999852608
2020-09-23,33366834,12,1593833,-0.030751479140906233,0.003875301987412516
2020-09-23,33366834,13,3443999,0.3510596147735684,0.004176756074922661
2020-09-23,33366834,14,1523220,0.005500698783300728,0.0063174701834930675
2020-09-23,33366834,15,1264569,0.16345159981634602,0.006027908143342708
2020-09-23,33366834,16,897661,0.35548293691337757,0.005442030451867303
2020-09-23,33366834,17,909303,0.02016662193132313,0.005412723670332248
2020-09-23,33366834,18,735971,-0.018632679048172507,0.0024334764496973245
2020-09-23,33366834,19,1162111,0.43420229676146194,0.0023982538584692787
2020-09-23,33366834,20,1266730,-0.10880102082635904,0.002367983731581257
2020-09-23,33366834,21,2401355,-0.03088482348622547,0.0018508630415002697
2020-09-23,33366834,22,1627440,0.41505668218752045,0.0028040852807816865
2020-09-23,33366834,23,2196442,0.036169222730649944,0.0028875414348911465
2020-09-23,33366834,24,1217320,0.37931022670239184,0.0035470573397767095
2020-09-24,16998566,0,201900,-0.40590410744441,0.004141263781188296
2020-09-24,16998566,1,1722046,0.17376829792563805,0.003530564184011044
2020-09-24,16998566,2,1356336,0.16349993236275231,0.004497154404469398
2020-09-24,16998566,3,1741808,-0.02114103568275523,0.004871542071491047
2020-09-24,16998566,4,1357578,-0.09404139961851807,0.004961599017632745
2020-09-24,16998566,5,780132,-0.04598598365675086,0.005383617692036986
2020-09-24,16998566,6,809882,-0.3121251920047109,0.004970818182644893
2020-09-24,16998566,7,725243,0.27895941442927547,0.0048070123640040555
2020-09-24,16998566,8,1023155,-0.2142312705939446,0.004292023829312453
2020-09-24,16998566,9,674110,-0.4287889997605761,0.004422960839082033
2020-09-24,16998566,10,510400,-0.17184871211386804,0.004551892439903259
2020-09-24,16998566,11,437900,-0.5302878390402358,0.004238242317313793
2020-09-24,16998566,12,513153,0.06128328515222139,0.004568784013117646
2020-09-24,16998566,13,343366,-0.2444097976462671,0.004305646766604596
2020-09-24,16998566,14,282580,-0.08903805977109679,0.004025133430756462
2020-09-24,16998566,15,611110,-0.16965022629183876,0.0036510452279135018
2020-09-24,16998566,16,339300,0.08749899330847209,0.0030914937217985665
2020-09-24,16998566,17,334999,-0.05710883319106004,0.002884970917531872
2020-09-24,16998566,18,408997,-0.14850698487182823,0.002570615377147231
2020-09-24,16998566,19,518970,-0.5247362110793149,0.0028239700688331144
2020-09-24,16998566,20,326091,-0.13716394138033822,0.003003978421464322
2020-09-24,16998566,21,534280,-0.07477260431417893,0.002768531383347125
2020-09-24,16998566,22,332708,-0.07566520699814393,0.0026457365904083555
2020-09-24,16998566,23,457912,0.2665127434114181,0.002408784672334953
2020-09-24,16998566,24,654610,-0.06398186964446549,0.002023540532817568
2020-09-25,15921739,0,27252,0.3376710703613708,0.002024267101282794
2020-09-25,15921739,1,973659,-0.10234632719059779,0.0018192654749678635
2020-09-25,15921739,2,1590439,-0.22690754389525294,0.002068931831307323
2020-09-25,15921739,3,1944409,0.24396134045700504,0.0035449256490907564
2020-09-25,15921739,4,1214560,-0.11601854577469811,0.004780081352859723
2020-09-25,15921739,5,798415,-0.08312712226038438,0.004972534881150088
2020-09-25,15921739,6,808900,-0.06890783821158591,0.004866672419145958
2020-09-25,15921739,7,562078,-0.13998287563906134,0.004498998951551298
2020-09-25,15921739,8,343575,0.10206261290267815,0.004246738432024004
2020-09-25,15921739,9,272246,-0.36942615494640335,0.004211227661314166
2020-09-25,15921739,10,355400,0.26086743063423734,0.004519152228789959
2020-09-25,15921739,11,243800,-0.010356904224820159,0.004203875131912481
2020-09-25,15921739,12,296098,-0.24050395131469413,0.0030673115210240066
2020-09-25,15921739,13,261418,-0.32175977532230376,0.0032389321092269312
2020-09-25,15921739,14,290287,0.09469747894267876,0.0029316611282359357
2020-09-25,15921739,15,206011,0.35245485002795884,0.0028605500450967158
2020-09-25,15921739,16,216563,-0.21958354904216565,0.0028478111820468945
2020-09-25,15921739,17,183561,-0.25169058615610745,0.0024026040190126296
2020-09-25,15921739,18,384173,-0.19761121806354034,0.0017915051739095583
2020-09-25,15921739,19,559954,0.2789561322383353,0.0014248858230693296
2020-09-25,15921739,20,641294,0.18590717004019744,0.002344084946056011
2020-09-25,15921739,21,648888,-0.32087299732395713,0.0024607391354423366
2020-09-25,15921739,22,684891,-0.2751476201422973,0.002800701955531169
2020-09-25,15921739,23,1469255,-0.27159716743844,0.0028216509800467675
2020-09-25,15921739,24,944613,0.0620486310887994,0.002361477430973164
2020-09-28,19775340,0,54399,0.4042313029168779,0.002946010513475906
2020-09-28,19775340,1,3075969,0.06956897438459335,0.0026059750718692752
2020-09-28,19775340,2,1237323,-0.443633101732535,0.0057333466679115415
2020-09-28,19775340,3,946927,0.2068393685979004,0.005989126804480571
2020-09-28,19775340,4,1206137,-0.02185242582236218,0.0060273984565393955
2020-09-28,19775340,5,851375,-0.4061788239400829,0.006876676011212652
2020-09-28,19775340,6,435740,-0.01855926332088637,0.004936176496706577
2020-09-28,19775340,7,538187,-0.187136096887724,0.004579982876709863
2020-09-28,19775340,8,411734,-0.03243681022007075,0.004380749728840871
2020-09-28,19775340,9,391967,-0.20736646526290944,0.0034989548435563882
2020-09-28,19775340,10,386574,0.696645237257906,0.0029251547973625012
2020-09-28,19775340,11,377820,-0.38780195445499266,0.003131976373047356
2020-09-28,19775340,12,529962,0.2328137480250365,0.0027099205839734683
2020-09-28,19775340,13,392267,0.3678306034580446,0.0021821868922919318
2020-09-28,19775340,14,538100,-0.1539042935289537,0.0021850603713080945
2020-09-28,19775340,15,912387,0.48466441426094437,0.0022760713280787917
2020-09-28,19775340,16,1436743,-0.005449655149982288,0.004040263506330687
2020-09-28,19775340,17,624450,-0.08765801637829955,0.004205086593661577
2020-09-28,19775340,18,879660,-0.013316774760993766,0.004426946522002627
2020-09-28,19775340,19,582174,-0.15103493863338024,0.004465602803197602
2020-09-28,19775340,20,281021,0.12788129570039117,0.0031379298376564197
2020-09-28,19775340,21,361030,-0.33689396139828787,0.0029324709703285935
2020-09-28,19775340,22,1017200,0.1486778411366301,0.0027084125458640787
2020-09-28,19775340,23,1454793,0.37963669597704525,0.002957392634781867
2020-09-28,19775340,24,851401,0.07786427084084081,0.002911559073720166
2020-09-29,16527970,0,42828,0.3401621695353566,0.0032554761873252696
2020-09-29,16527970,1,1291321,0.1791420893000305,0.00300941089374759
2020-09-29,16527970,2,1049337,0.3421511711865712,0.003180103056169141
2020-09-29,16527970,3,886258,-0.22317793702543873,0.00414832706377432
2020-09-29,16527970,4,614664,-0.04880249195315519,0.004097058564585674
2020-09-29,16527970,5,572187,0.21483521646067827,0.004852329341184866
2020-09-29,16527970,6,587408,0.3717332512045509,0.004462265985469011
2020-09-29,16527970,7,570302,-0.14363265180554194,0.003598105360419248
2020-09-29,16527970,8,292965,0.009744651407062627,0.0033281510555921425
2020-09-29,16527970,9,319956,-0.07741007139178027,0.0021854470361751467
2020-09-29,16527970,10,238702,0.1332193921558838,0.001864642410049875
2020-09-29,16527970,11,344250,0.4817045297760803,0.0016376629701377393
2020-09-29,16527970,12,859187,0.13461903459121777,0.0016374915068758289
2020-09-29,16527970,13,639600,0.49319504428295513,0.0023684205149332362
2020-09-29,16527970,14,659410,0.591152416268089,0.002654180702732723
2020-09-29,16527970,15,601678,-0.013934134413662983,0.002753327528939793
2020-09-29,16527970,16,413580,0.208111025746923,0.0027018070103075565
2020-09-29,16527970,17,341859,-0.4255870771891983,0.00208979446546202
2020-09-29,16527970,18,958500,0.5412469221957154,0.001661655243416896
2020-09-29,16527970,19,1476574,0.033386217863489394,0.0022473743963531113
2020-09-29,16527970,20,945337,-0.29933258369568017,0.0035301978207592367
2020-09-29,16527970,21,500007,0.21757750974230505,0.00399881415641972
2020-09-29,16527970,22,624064,0.7039988672991484,0.004211593226608833
2020-09-29,16527970,23,800597,0.3183079608798695,0.0038902253710185537
2020-09-29,16527970,24,897399,0.01804866794717333,0.0026765189991327554
2020-09-30,25511253,0,67131,0.23436756856264046,0.0019265417038404368
2020-09-30,25511253,1,2192061,-0.042901382539612336,0.0012606826925330421
2020-09-30,25511253,2,2206765,0.5296076862655716,0.004382819783782291
2020-09-30,25511253,3,2790815,0.39815587157182647,0.004821391237649297
2020-09-30,25511253,4,1923587,0.13160549709766647,0.007363419482930009
2020-09-30,25511253,5,2145948,-0.20885394323163586,0.007799857059920181
2020-09-30,25511253,6,1487695,-0.0011036085693762324,0.007244302074527776
2020-09-30,25511253,7,959397,0.22691431589763436,0.007546870500493982
2020-09-30,25511253,8,716054,0.29465877009388813,0.005437220425237257
2020-09-30,25511253,9,676557,0.23430994374369057,0.0058564867053072615
2020-09-30,25511253,10,513677,-0.5393714581877784,0.005626627074129135
2020-09-30,25511253,11,517754,0.03604594408372909,0.005268549368219357
2020-09-30,25511253,12,434973,0.4245032520759411,0.0051871426516377035
2020-09-30,25511253,13,895159,0.08943680178944603,0.004386759393602661
2020-09-30,25511253,14,382130,-0.3296663933501166,0.0043186197359813515
2020-09-30,25511253,15,705850,0.12107193039759596,0.0038220039768481952
2020-09-30,25511253,16,1217590,-0.3385804221523189,0.004276201487840149
2020-09-30,25511253,17,505500,-0.4068809172729544,0.004286058848564241
2020-09-30,25511253,18,662487,0.06115666243672337,0.0035625701540747813
2020-09-30,25511253,19,511932,0.2868822647987492,0.003978349881343423
2020-09-30,25511253,20,650092,-0.10734570351952132,0.0031830876642085972
2020-09-30,25511253,21,602939,0.0006044286088730453,0.0028893095589026837
2020-09-30,25511253,22,819397,-0.19693549745227582,0.003159344032253357
2020-09-30,25511253,23,717467,0.32719326653503616,0.003075794581222407
2020-09-30,25511253,24,1208296,-0.09123930129859525,0.0029648503103293714
2020-10-09,21092130,0,258307,-0.09063237643535917,0.0037374516144942447
2020-10-09,21092130,1,3126905,0.09233106203230379,0.003384471447376697
2020-10-09,21092130,2,1884099,-0.1234615573876431,0.006653946574517269
2020-10-09,21092130,3,1459715,-0.07270455331305678,0.0070217723087101355
2020-10-09,21092130,4,919980,0.15500130285955388,0.007148305470952034
2020-10-09,21092130,5,939990,0.17162334001824056,0.007239914671187799
2020-10-09,21092130,6,482332,-0.1356952102197213,0.004805532685175035
2020-10-09,21092130,7,546354,-0.1616714844032191,0.004661204105324245
2020-10-09,21092130,8,338826,0.29597101689912203,0.0041852291232848185
2020-10-09,21092130,9,286260,-0.3257087469822034,0.004253781300759535
2020-10-09,21092130,10,405150,-0.11195834193832961,0.0036695206873043036
2020-10-09,21092130,11,362190,-0.1453345920010708,0.0032069813551911653
2020-10-09,21092130,12,921968,-0.057494742492026546,0.0026673229437081773
2020-10-09,21092130,13,904862,0.0952296946502711,0.0036537838406522586
2020-10-09,21092130,14,458932,0.13464860745976825,0.004307272747672179
2020-10-09,21092130,15,929338,0.36155176030467273,0.004998394520631266
2020-10-09,21092130,16,611170,-0.4075843556764971,0.005365241102041394
2020-10-09,21092130,17,805944,-0.49482412303778545,0.004758938438318229
2020-10-09,21092130,18,897182,0.14878312299361823,0.003947600749362509
2020-10-09,21092130,19,598552,0.1167667567341488,0.003227502089030433
2020-10-09,21092130,20,444275,0.4979995533522485,0.0028494453500396647
2020-10-09,21092130,21,772481,-0.28048782890620955,0.002598885959843092
2020-10-09,21092130,22,732016,0.2281973190100136,0.0025488557488769006
2020-10-09,21092130,23,918883,0.24815300835365,0.002257776449056926
2020-10-09,21092130,24,1086419,-0.04836373738080897,0.0018139356002639414
2020-10-12,28333014,0,86684,0.3244896269628655,0.002312266849575326
2020-10-12,28333014,1,2122846,0.22037758623946108,0.002210447764193466
2020-10-12,28333014,2,1870451,-0.14633697920218602,0.006763551481844757
2020-10-12,28333014,3,1228060,0.009589615475872252,0.0077460268656336165
2020-10-12,28333014,4,1291265,-0.11168797385074808,0.007989080259242363
2020-10-12,28333014,5,1265854,0.6017918325274745,0.008453209880725182
2020-10-12,28333014,6,1567660,0.323570464613852,0.0058331676914445095
2020-10-12,28333014,7,1041240,0.25819922254692873,0.004512403256435463
2020-10-12,28333014,8,1114332,0.16635408051633693,0.004580339808137454
2020-10-12,28333014,9,1105482,-0.0225202621139768,0.0039778073824301135
2020-10-12,28333014,10,760905,0.4574947186270754,0.004342359674618823
2020-10-12,28333014,11,605500,0.14481940534654128,0.0044547082228463385
2020-10-12,28333014,12,646465,0.22572245137598598,0.003616000001279551
2020-10-12,28333014,13,938973,-0.06542048127660252,0.0034868987825908307
2020-10-12,28333014,14,541445,0.3708289869016157,0.0029644111456673694
2020-10-12,28333014,15,722788,-0.2950108188744054,0.002473154405913787
2020-10-12,28333014,16,781919,-0.137705132896068,0.0028346596938639977
2020-10-12,28333014,17,1811500,0.10984968102303158,0.0032359430290184537
2020-10-12,28333014,18,789532,-0.1296481248246087,0.003128240677182808
2020-10-12,28333014,19,1919453,-0.181802182735929,0.0032007118510999494
2020-10-12,28333014,20,1098331,0.4212299942124138,0.007673434104193368
2020-10-12,28333014,21,938111,-0.1587268966374949,0.008450065941080373
2020-10-12,28333014,22,844243,-0.03170246817139784,0.008480134319496128
2020-10-12,28333014,23,1205972,-0.05902197780169037,0.008580307432849385
2020-10-12,28333014,24,2034003,-0.18671791602982904,0.005280149608688059
2020-10-13,20040943,0,68900,-0.3921083309819952,0.004404592033623077
2020-10-13,20040943,1,1742665,-0.021013886927813457,0.003944969242229883
2020-10-13,20040943,2,1356248,0.2438365670489925,0.004755408994903929
2020-10-13,20040943,3,1640494,-0.003572555873422437,0.005077094964772777
2020-10-13,20040943,4,1202404,0.3850682959313059,0.005211555711621978
2020-10-13,20040943,5,594294,-0.040035166281165935,0.006047334550049245
2020-10-13,20040943,6,1261312,0.09637536710262261,0.006518633902163994
2020-10-13,20040943,7,554936,0.10370570193519082,0.006526070457392245
2020-10-13,20040943,8,472404,-0.043114664874635604,0.0063990592014523335
2020-10-13,20040943,9,512182,-0.33104367903398985,0.005979592860728016
2020-10-13,20040943,10,442397,-0.1829025234568594,0.004790372486321452
2020-10-13,20040943,11,340372,0.29983161548721926,0.004069360339935826
2020-10-13,20040943,12,327649,-0.2319859916536475,0.0030820619767675216
2020-10-13,20040943,13,553245,-0.3062374253305924,0.0028843214682932007
2020-10-13,20040943,14,745704,0.41410595538615996,0.004008358768626273
2020-10-13,20040943,15,584697,-0.2241104382581228,0.004001912582145415
2020-10-13,20040943,16,730104,-0.04850194006813489,0.004195402570842981
2020-10-13,20040943,17,737034,-0.31732205287882037,0.004303128820490032
2020-10-13,20040943,18,1388084,0.24619987186451994,0.003515019648606897
2020-10-13,20040943,19,937904,0.3353182608927436,0.0034899393738427376
2020-10-13,20040943,20,562877,-0.5268427577314455,0.0035057248507249943
2020-10-13,20040943,21,563613,-0.1561861825759261,0.0030344229722693754
2020-10-13,20040943,22,683004,-0.28815619156790445,0.002463729825189226
2020-10-13,20040943,23,1027061,-0.08908652470341492,0.0022629965051241137
2020-10-13,20040943,24,1011359,0.13676240723026858,0.0017097451346446135
2020-10-14,17498267,0,92000,-0.4070964230234267,0.0016806987151482139
2020-10-14,17498267,1,1871409,-0.22747823080156712,0.001362579783947922
2020-10-14,17498267,2,1280040,0.21674615946388903,0.005126749746220314
2020-10-14,17498267,3,1222890,0.18116066665252248,0.00545391423453642
2020-10-14,17498267,4,1183713,0.26316650840489814,0.006346972125165488
2020-10-14,17498267,5,672210,-0.11869485810515333,0.006852050422331078
2020-10-14,17498267,6,620886,0.4928930470589483,0.004816964887763252
2020-10-14,17498267,7,602700,0.048647106006698845,0.0044956798222337176
2020-10-14,17498267,8,574816,0.05916487976267319,0.0030582350852545958
2020-10-14,17498267,9,461010,-0.04845190438469189,0.0017351212487011231
2020-10-14,17498267,10,373587,-0.162882272822105,0.001336889335529272
2020-10-14,17498267,11,615615,-0.08263268858926032,0.0012195935154549397
2020-10-14,17498267,12,468625,-0.15681310726184844,0.0017724969322942352
2020-10-14,17498267,13,888738,-0.4319194676838747,0.0020591138751071348
2020-10-14,17498267,14,1144005,-0.1672110319199836,0.0027983239542382684
2020-10-14,17498267,15,607920,0.1857690175413705,0.00388745231836885
2020-10-14,17498267,16,847647,0.07385410856162632,0.004247124699156448
2020-10-14,17498267,17,401873,-0.17998122033585376,0.0046488687065426235
2020-10-14,17498267,18,349620,-0.13674981807215034,0.00435969861969141
2020-10-14,17498267,19,378337,-0.4040366660702432,0.0037785095608697484
2020-10-14,17498267,20,295458,0.020669796094924683,0.003212529215378342
2020-10-14,17498267,21,334022,0.15692826772290835,0.002470351271749797
2020-10-14,17498267,22,517222,-0.23412800044821605,0.002380392193230152
2020-10-14,17498267,23,750437,-0.4697808127801956,0.002038774321321404
2020-10-14,17498267,24,943487,-0.18775529405585775,0.0022152661227884864
2020-10-15,16130428,0,46748,0.40453675990940663,0.002469249648341445
2020-10-15,16130428,1,914784,-0.01006474627837581,0.0022855265313930975
2020-10-15,16130428,2,1718046,-0.21746986921607378,0.003856164254526438
2020-10-15,16130428,3,1799754,-0.2676372129346324,0.00500143891272144
2020-10-15,16130428,4,1298234,0.1135636255791096,0.005450731880030623
2020-10-15,16130428,5,657120,-0.48008660660108077,0.007079211558498465
2020-10-15,16130428,6,502469,-0.11526557054815356,0.006876309228163048
2020-10-15,16130428,7,435179,-0.3074292226564947,0.0061614827788125815
2020-10-15,16130428,8,546324,-0.1700382036461878,0.005683171971579243
2020-10-15,16130428,9,357179,-0.08356864038719702,0.003936112465788378
2020-10-15,16130428,10,350391,0.025104122816113482,0.002891085161201256
2020-10-15,16130428,11,261357,0.2221016700123881,0.0025161535456016413
2020-10-15,16130428,12,276874,-0.13181660047649235,0.002440335568690989
2020-10-15,16130428,13,715367,-0.3265911498931745,0.002090688929993221
2020-10-15,16130428,14,822646,0.3796519078062776,0.0033639274992687197
2020-10-15,16130428,15,612764,0.031596510438884076,0.003909187894005889
2020-10-15,16130428,16,449406,0.3576744560271088,0.004063759937867133
2020-10-15,16130428,17,510779,0.0033364548014823392,0.0041397870501065845
2020-10-15,16130428,18,531483,-0.021529790135798456,0.0032447802347703053
2020-10-15,16130428,19,433507,-0.46469992720996733,0.002765088507924708
2020-10-15,16130428,20,633269,0.028340979472837386,0.0025835474125724513
2020-10-15,16130428,21,511700,-0.25195969609264535,0.0032619414857177156
2020-10-15,16130428,22,389926,0.062489338642954945,0.0036588690113597776
2020-10-15,16130428,23,739370,-0.30829149350073215,0.003679833784214554
2020-10-15,16130428,24,615752,0.3815606426740354,0.003740532602834724
2020-10-16,13411110,0,44700,-0.33438831222784293,0.002860557534906323
2020-10-16,13411110,1,1675237,-0.4710263368314025,0.0019979426902732157
2020-10-16,13411110,2,1081790,0.15976185458996928,0.0032301738543221476
2020-10-16,13411110,3,543730,-0.4125523518117981,0.004026889117913991
2020-10-16,13411110,4,475440,0.17853764403290898,0.004527404814329373
2020-10-16,13411110,5,373010,-0.1670877589874392,0.005011139552364539
2020-10-16,13411110,6,280450,0.47416369672757136,0.00440945392701159
2020-10-16,13411110,7,376200,0.11801824777555005,0.003961337494045992
2020-10-16,13411110,8,335402,0.1769084801470401,0.003618766576928039
2020-10-16,13411110,9,810632,-0.04577751524965317,0.0032627837881269617
2020-10-16,13411110,10,358590,-0.12869299413807697,0.003728515292901419
2020-10-16,13411110,11,289243,0.3678254282364003,0.00373504093786343
2020-10-16,13411110,12,1079990,0.12800878435401983,0.004049951189506772
2020-10-16,13411110,13,1281337,-0.27590307951238285,0.004556767408081526
2020-10-16,13411110,14,487832,-0.1277238871362161,0.006383561555155321
2020-10-16,13411110,15,309980,-0.08339644721882065,0.0062979906342889086
2020-10-16,13411110,16,318640,0.17317344773307353,0.006101325451054537
2020-10-16,13411110,17,304534,0.07837034079500003,0.005621545192873459
2020-10-16,13411110,18,430020,0.139877515189175,0.002867215206737711
2020-10-16,13411110,19,306239,0.0044798697533185525,0.0027606888412438193
2020-10-16,13411110,20,320214,-0.09541539365781333,0.00270171647052116
2020-10-16,13411110,21,495320,-0.17445200764483296,0.002901245297070302
2020-10-16,13411110,22,557559,0.01802717941152503,0.0026509334730368287
2020-10-16,13411110,23,377650,-0.04828360749203878,0.0025312400172500275
2020-10-16,13411110,24,497371,0.04970794308461441,0.002152615422700158
2020-10-19,14580706,0,190278,0.38594784952288436,0.001873448082457567
2020-10-19,14580706,1,1481363,-0.11375775781312865,0.0015503494296922689
2020-10-19,14580706,2,951983,0.21638534507495652,0.0058337720980934935
2020-10-19,14580706,3,1544314,0.014759904114172644,0.006119406752846638
2020-10-19,14580706,4,746980,-0.24691265915666968,0.007118467949095971
2020-10-19,14580706,5,550930,0.1250734302426936,0.007750567822488441
2020-10-19,14580706,6,556900,-0.05194089484072685,0.005679849113103175
2020-10-19,14580706,7,447128,-0.07381752110600419,0.0056633310495599306
2020-10-19,14580706,8,401450,0.11333228593093563,0.004506221782955157
2020-10-19,14580706,9,334020,-0.19054608938611844,0.0036416374930271066
2020-10-19,14580706,10,437930,-0.3734783471537602,0.003486725833045825
2020-10-19,14580706,11,426580,0.0526048090146487,0.0030136828796226223
2020-10-19,14580706,12,518763,-0.0717182836590036,0.0030424975598047554
2020-10-19,14580706,13,701189,-0.0786988149122358,0.002898044138293133
2020-10-19,14580706,14,392680,-0.11827354518112874,0.0037954440908501124
2020-10-19,14580706,15,203208,-0.0299684268271563,0.004232697276318946
2020-10-19,14580706,16,409032,-0.19310100960598475,0.004295535528870143
2020-10-19,14580706,17,545700,0.12832109020065627,0.004519393760363501
2020-10-19,14580706,18,507110,-0.1515269698147577,0.003834295632173849
2020-10-19,14580706,19,301767,-0.05986526222456419,0.0038141825317682897
2020-10-19,14580706,20,219260,-0.13146549745645106,0.0036409612496517297
2020-10-19,14580706,21,280950,0.42486081479023713,0.003271750553221569
2020-10-19,14580706,22,566427,-0.30305360509760854,0.0028691831520519973
2020-10-19,14580706,23,822406,0.09663832926016136,0.0028295263572047737
2020-10-19,14580706,24,1042358,-0.5629817272502177,0.002909031950247382
2020-10-20,11706814,0,62940,0.08358387230832572,0.002966795210875849
2020-10-20,11706814,1,1445315,-0.21570755625402596,0.002676980261163142
2020-10-20,11706814,2,1252100,-0.20127357869149903,0.006544660210150963
2020-10-20,11706814,3,1330655,-0.006898638857994018,0.006981103877306572
2020-10-20,11706814,4,854410,-0.03092740978707815,0.00735446639969506
2020-10-20,11706814,5,440430,0.003102474701180687,0.007452768390803705
2020-10-20,11706814,6,360510,0.5365134004368269,0.00423383396933997
2020-10-20,11706814,7,391818,0.23590098283538638,0.0034833366413165013
2020-10-20,11706814,8,307737,-0.1305784938022766,0.002697204934495655
2020-10-20,11706814,9,322705,0.3066410304035802,0.0025398285376795546
2020-10-20,11706814,10,242644,0.05447869903313906,0.002466162201646396
2020-10-20,11706814,11,171620,0.3448723819324706,0.0026402070436266564
2020-10-20,11706814,12,207169,0.269852709143548,0.002370598978364856
2020-10-20,11706814,13,323690,0.26272685675739577,0.002619629429579561
2020-10-20,11706814,14,253830,0.04026297220110961,0.003489904569445295
2020-10-20,11706814,15,217610,0.27083590383479367,0.00362927890539976
2020-10-20,11706814,16,315752,0.3058142612346977,0.0037255650032397957
2020-10-20,11706814,17,417515,0.11970384831489507,0.003764424255840725
2020-10-20,11706814,18,657257,-0.2617392160778152,0.003450437791654986
2020-10-20,11706814,19,243990,0.00093766573932601,0.0031355077864125675
2020-10-20,11706814,20,263030,0.22567872637296257,0.003209249170386285
2020-10-20,11706814,21,225330,0.7971061807394005,0.0033076334659819405
2020-10-20,11706814,22,367882,0.12343799288354347,0.0026587274783137246
2020-10-20,11706814,23,444600,-0.19018095284404335,0.0029459647576526382
2020-10-20,11706814,24,586275,-0.3736452616508827,0.0029027887086627586
2020-10-21,15511469,0,46000,-0.019654868468814413,0.0026587301443212357
2020-10-21,15511469,1,1655993,0.07726799933750278,0.0025552778521716947
2020-10-21,15511469,2,2039783,0.3455216824795424,0.006717460626506558
2020-10-21,15511469,3,1103677,0.26565316426394064,0.00811826533552946
2020-10-21,15511469,4,1106890,0.11824762523789127,0.008259808283878818
2020-10-21,15511469,5,778680,0.4114530790303497,0.009319560634229451
2020-10-21,15511469,6,603350,-0.002963047281533851,0.0070162870184631064
2020-10-21,15511469,7,566390,-0.07578638817613349,0.005747295101021581
2020-10-21,15511469,8,691120,-0.4917085291396392,0.0056742231566561255
2020-10-21,15511469,9,710980,0.23557102631623195,0.004335634395623544
2020-10-21,15511469,10,739448,-0.5133168637161049,0.004452181633096035
2020-10-21,15511469,11,418253,0.2326293544797758,0.004157499459792173
2020-10-21,15511469,12,180800,0.5109915300972135,0.004632158084658189
2020-10-21,15511469,13,211381,-0.06026574138910909,0.0042027537585761325
2020-10-21,15511469,14,211160,0.48005481333161304,0.0037272689455930064
2020-10-21,15511469,15,266793,0.20881287319093647,0.0034241437723358074
2020-10-21,15511469,16,206130,0.2673873314040884,0.00303271957652268
2020-10-21,15511469,17,416670,-0.2073240185084151,0.0028930457857810053
2020-10-21,15511469,18,293200,0.0843890227364511,0.003236379230602662
2020-10-21,15511469,19,525760,0.1429027713248706,0.003308242644866483
2020-10-21,15511469,20,515252,0.5621193052067124,0.0031967253477606307
2020-10-21,15511469,21,549750,0.44823082006589665,0.0033982432378517496
2020-10-21,15511469,22,372912,0.3132921623642831,0.0036525065045537423
2020-10-21,15511469,23,527400,-0.003451527694503219,0.0037311398267553053
2020-10-21,15511469,24,773697,0.6076255612483921,0.0036514768735057225
2020-10-22,11323195,0,44400,0.2842075044387742,0.0036721789610775993
2020-10-22,11323195,1,1141556,0.07411275117047808,0.0027581695309304706
2020-10-22,11323195,2,678376,0.07331874829153966,0.005054523244257908
2020-10-22,11323195,3,586400,0.20503122563053505,0.005681007981896749
2020-10-22,11323195,4,822100,0.13916622800710704,0.005912686099664221
2020-10-22,11323195,5,538520,0.16971616878641566,0.0064845761782860575
2020-10-22,11323195,6,410800,0.05754107432343613,0.00488406565263996
2020-10-22,11323195,7,230350,-0.37652609215271465,0.004060856817976621
2020-10-22,11323195,8,168940,0.5688560203892861,0.003982720445507622
2020-10-22,11323195,9,251255,0.258189707783257,0.0033256298746982744
2020-10-22,11323195,10,288701,-0.005338987752298492,0.0036585905820239206
2020-10-22,11323195,11,276364,0.011878388087231814,0.0037260913673013716
2020-10-22,11323195,12,184089,0.046197197547442954,0.0035614913974553004
2020-10-22,11323195,13,160601,-0.08370631766926061,0.0036051448732795388
2020-10-22,11323195,14,184780,-0.012520301350914064,0.0031235845721146673
2020-10-22,11323195,15,425600,-0.3265360013205981,0.002908624846564989
2020-10-22,11323195,16,505316,-0.3815623008615956,0.003063781636583274
2020-10-22,11323195,17,435510,-0.12795355368554265,0.0030288426472859877
2020-10-22,11323195,18,224418,-0.24446570315364946,0.0031211106018845286
2020-10-22,11323195,19,256400,-0.4479355297544433,0.0029954348960721444
2020-10-22,11323195,20,591430,-0.12034223280898339,0.002421380488414788
2020-10-22,11323195,21,503508,0.12133959297110374,0.002322909418688554
2020-10-22,11323195,22,838730,0.029550783037264647,0.002969144927310943
2020-10-22,11323195,23,623817,0.05318259866004213,0.003178305231958438
2020-10-22,11323195,24,951234,0.1835914400495632,0.0033961823764861
2020-10-23,13139813,0,34200,-0.1379902142752431,0.0033529418863864637
2020-10-23,13139813,1,599734,-0.04325206178879876,0.002484104126750442
2020-10-23,13139813,2,654190,-0.11268106921634032,0.0033909588859071947
2020-10-23,13139813,3,537960,-0.11327068401650688,0.0035327410112284637
2020-10-23,13139813,4,503740,0.15313000330127313,0.0035502817603763163
2020-10-23,13139813,5,269023,-0.1866221915476034,0.0037894212466868687
2020-10-23,13139813,6,253799,-0.04019758856017404,0.0027110888435305804
2020-10-23,13139813,7,286470,0.35950062709534125,0.0023800159328390825
2020-10-23,13139813,8,218085,0.17618657001094104,0.002381644342199847
2020-10-23,13139813,9,305335,0.12212909799121036,0.0022754239115315065
2020-10-23,13139813,10,405190,-0.4038503211770826,0.002712229088224732
2020-10-23,13139813,11,157330,0.4698071055305331,0.0031052682833297893
2020-10-23,13139813,12,203950,0.3410389949614821,0.0031523356797575853
2020-10-23,13139813,13,266882,-0.02035516713170689,0.0032328183845790476
2020-10-23,13139813,14,314501,0.012046341926941826,0.003291069934039358
2020-10-23,13139813,15,539770,-0.09538468461490404,0.0031782198504620887
2020-10-23,13139813,16,638103,-0.17785460762178235,0.0033076313731786604
2020-10-23,13139813,17,1103126,-0.19635006433308522,0.0038512210056195592
2020-10-23,13139813,18,1307419,-0.2266568512842916,0.004586924339160577
2020-10-23,13139813,19,1086852,-0.6037472334437463,0.005863339951559741
2020-10-23,13139813,20,1035570,-0.3825592794478005,0.006391916487638073
2020-10-23,13139813,21,641817,-0.052487481842336356,0.006281515874136826
2020-10-23,13139813,22,554354,-0.32627913783114315,0.0065996799063434645
2020-10-23,13139813,23,603462,0.13599509372341406,0.006144678450544764
2020-10-23,13139813,24,618951,0.002737730646645516,0.005543676986887241
2020-10-26,11941235,0,103850,0.33263285729191405,0.005538700535328729
2020-10-26,11941235,1,2636794,-0.3382853483334921,0.004141176876370256
2020-10-26,11941235,2,1765226,0.03449128282599186,0.011354415484875358
2020-10-26,11941235,3,785770,-0.31938836980925117,0.014478490822023966
2020-10-26,11941235,4,550629,0.1589507200985519,0.014879421132642501
2020-10-26,11941235,5,340236,0.2237871618818636,0.0152589988831716
2020-10-26,11941235,6,395069,-0.5525394062518704,0.010720374835547579
2020-10-26,11941235,7,385585,0.4467121418785664,0.005941010490718313
2020-10-26,11941235,8,384847,-0.4726116604301958,0.004747017165014018
2020-10-26,11941235,9,334764,0.21125079695462443,0.004123097898952911
2020-10-26,11941235,10,306000,-0.10244545727731172,0.004389548402549176
2020-10-26,11941235,11,327691,-0.522567184477073,0.00489929334001661
2020-10-26,11941235,12,177990,0.3424580487746978,0.005025357594416897
2020-10-26,11941235,13,246174,-0.4046784872312614,0.00490400248204135
2020-10-26,11941235,14,211346,0.3513454603161946,0.004601359626981042
2020-10-26,11941235,15,266052,-0.02575186823072206,0.0038796669924352723
2020-10-26,11941235,16,301732,-0.4251086644265404,0.003492538726227709
2020-10-26,11941235,17,248800,-0.18760731852825832,0.00316496047767422
2020-10-26,11941235,18,176600,-0.22662778391491853,0.0026795326311359687
2020-10-26,11941235,19,245357,-0.10045403472286554,0.002503682384339611
2020-10-26,11941235,20,194300,0.009500160687535245,0.002777241489287906
2020-10-26,11941235,21,280459,-0.16873841529163797,0.002431466786334966
2020-10-26,11941235,22,508914,-0.35343715476448195,0.0025525784227610608
2020-10-26,11941235,23,363130,-0.6226602930216796,0.002781895078748177
2020-10-26,11941235,24,403920,-0.41345804437705563,0.0022851226479383723
2020-10-27,33775637,0,330000,-0.332582608578865,0.0024986719825631607
2020-10-27,33775637,1,5947071,-0.04907264883493789,0.0021522990712452114
2020-10-27,33775637,2,3113661,0.018499279733067066,0.010384531476485935
2020-10-27,33775637,3,3548903,-0.226167903120676,0.011432925519542675
2020-10-27,33775637,4,2093925,0.11919066936792874,0.011718564736438416
2020-10-27,33775637,5,1009725,-0.06287054887136814,0.012781862501043656
2020-10-27,33775637,6,663717,-0.1736571343766088,0.008059011372848831
2020-10-27,33775637,7,610824,-0.45562324422101536,0.00675523149366213
2020-10-27,33775637,8,712815,-0.24975213072200014,0.006244570081278331
2020-10-27,33775637,9,1195684,0.117536008344365,0.004334065854993907
2020-10-27,33775637,10,1170480,-0.5804726005350925,0.003983454106072714
2020-10-27,33775637,11,1681227,0.1902625880506629,0.003740586099626798
2020-10-27,33775637,12,365253,-0.2369157304952293,0.004236214697506825
2020-10-27,33775637,13,757139,-0.49344804143839266,0.003569379711236541
2020-10-27,33775637,14,1620111,-0.19223480037130566,0.00339962018746349
2020-10-27,33775637,15,1601563,-0.17122530228517877,0.004611922060936201
2020-10-27,33775637,16,1225973,-0.4552965534678523,0.005007441746515098
2020-10-27,33775637,17,602202,-0.2046078452573832,0.005534851822268459
2020-10-27,33775637,18,706252,-0.23381552104442904,0.005454043965339405
2020-10-27,33775637,19,840363,-0.11442531082768882,0.0043535662581281834
2020-10-27,33775637,20,739862,-0.021408107328245416,0.00374929380361637
2020-10-27,33775637,21,740529,-0.18857427443785357,0.00341517938908085
2020-10-27,33775637,22,850066,0.041389007580478754,0.0034558631639203126
2020-10-27,33775637,23,768086,-0.08937380042342383,0.003894326362611209
2020-10-27,33775637,24,880206,0.01766827918384301,0.0035297853261569362
2020-10-28,23281741,0,407208,0.40157193981965283,0.0029909471630596546
2020-10-28,23281741,1,2723936,-0.3789347933083099,0.0025551858349156203
2020-10-28,23281741,2,1748430,-0.3859411062296829,0.0056527597593138855
2020-10-28,23281741,3,1064270,-0.11541377012591121,0.007107752796603732
2020-10-28,23281741,4,1233240,-0.09748812266258947,0.007556055842974792
2020-10-28,23281741,5,579300,-0.04447991899708449,0.007996571341530093
2020-10-28,23281741,6,600077,-0.35044688571102905,0.006254990470446732
2020-10-28,23281741,7,510834,-0.20326083846421755,0.004932939988143801
2020-10-28,23281741,8,717724,-0.17322734791196237,0.004529199530695254
2020-10-28,23281741,9,1407840,-0.2885504236484855,0.004062991505771143
2020-10-28,23281741,10,1018300,-0.14508307596667216,0.00410444175697184
2020-10-28,23281741,11,564182,-0.005155616394489532,0.004580746087673781
2020-10-28,23281741,12,1392791,-0.23499323937604627,0.004894860489956676
2020-10-28,23281741,13,1573650,0.22000517998494343,0.005885022373771811
2020-10-28,23281741,14,1305410,0.20883422497480136,0.008539304545790586
2020-10-28,23281741,15,666665,-0.24610073952430103,0.008362881880856392
2020-10-28,23281741,16,945369,0.3161479882334004,0.008107526940559176
2020-10-28,23281741,17,649877,-0.06980707662782033,0.007921357657117387
2020-10-28,23281741,18,618832,-0.3009656511818347,0.004895536891001322
2020-10-28,23281741,19,398340,-0.27882510509901887,0.004562165993750073
2020-10-28,23281741,20,447586,-0.013840190535034748,0.004545188511669384
2020-10-28,23281741,21,449097,-0.032340663026316496,0.003431969841683531
2020-10-28,23281741,22,582021,-0.05696051222333486,0.0028756004151087988
2020-10-28,23281741,23,769620,-0.2434498977545699,0.0025288735166626554
2020-10-28,23281741,24,907142,0.23490823526533572,0.0029237447771822
2020-10-29,14740107,0,191700,-0.3220654312241567,0.003111050943979068
2020-10-29,14740107,1,1984226,-0.1615435333859429,0.002893106959727322
2020-10-29,14740107,2,1822451,-0.3597531307279241,0.004712495618786811
2020-10-29,14740107,3,735941,-0.11127506183632778,0.00594169700744654
2020-10-29,14740107,4,890864,-0.20321245925873552,0.006605918535432892
2020-10-29,14740107,5,483953,0.17101448480406548,0.006941988319353391
2020-10-29,14740107,6,476016,-0.01645648012895043,0.005913633486716192
2020-10-29,14740107,7,386776,-0.2970492666532175,0.004627314014794983
2020-10-29,14740107,8,476720,-0.2107979012667003,0.0034609490073586224
2020-10-29,14740107,9,420275,-0.325878996152082,0.0033068912361693048
2020-10-29,14740107,10,687516,-0.2731551052245176,0.003394351378876032
2020-10-29,14740107,11,559929,0.2661169812617043,0.0030457883450114693
2020-10-29,14740107,12,428193,-0.010445572195292059,0.0038089862655575762
2020-10-29,14740107,13,405860,0.09150640374669877,0.0037382219305591466
2020-10-29,14740107,14,401400,-0.01541780096110318,0.004122645794795221
2020-10-29,14740107,15,451437,-0.17187268540409523,0.0041242341396187645
2020-10-29,14740107,16,404915,0.33242333952981784,0.0036627409550232443
2020-10-29,14740107,17,592599,0.39862318334071195,0.0034811795052930796
2020-10-29,14740107,18,369720,-0.2863999669569001,0.0027900348099098725
2020-10-29,14740107,19,375600,-0.17095927873708683,0.002953447538287054
2020-10-29,14740107,20,410819,0.09091812703939023,0.0032026828044963676
2020-10-29,14740107,21,310392,-0.09759467585148679,0.003352918826354867
2020-10-29,14740107,22,334623,-0.09529795557319662,0.0032394529703956656
2020-10-29,14740107,23,405843,-0.07475875804880462,0.003241379243292899
2020-10-29,14740107,24,732339,-0.21821053379853297,0.002580927036700331
2020-10-30,17056842,0,117820,0.39954542810584653,0.002409119643315892
2020-10-30,17056842,1,1763644,-0.029319732967195294,0.0022106553602683873
2020-10-30,17056842,2,1202030,-0.28369581867418553,0.004650168189552046
2020-10-30,17056842,3,716620,-0.5019017633151726,0.005764008535859753
2020-10-30,17056842,4,716466,-0.14248037031474117,0.005972273017908481
2020-10-30,17056842,5,1089832,-0.34529919281959043,0.006494152235489423
2020-10-30,17056842,6,1341150,-0.10904695879066167,0.005925597188514355
2020-10-30,17056842,7,947733,-0.39580183075939906,0.0054449937302847255
2020-10-30,17056842,8,406432,-0.10309480383973077,0.005369190831621821
2020-10-30,17056842,9,432750,0.08069742389667395,0.005287957460176379
2020-10-30,17056842,10,309730,0.03388137602601449,0.0044066516355022465
2020-10-30,17056842,11,464811,-0.6924132510429307,0.003706319678491389
2020-10-30,17056842,12,690123,0.31831493358710405,0.0035864786612958745
2020-10-30,17056842,13,597300,0.4384588908133685,0.003607977384126505
2020-10-30,17056842,14,408300,-0.26547318305961426,0.003921391223401456
2020-10-30,17056842,15,378132,-0.4738068840100938,0.004265116549626734
2020-10-30,17056842,16,467486,-0.11698946815020742,0.004488915085255288
2020-10-30,17056842,17,592511,-0.16550413276614595,0.0042538555957313115
2020-10-30,17056842,18,451236,-0.014713787623025266,0.004283647658741697
2020-10-30,17056842,19,567900,-0.08464069482900932,0.004406318216444466
2020-10-30,17056842,20,713670,0.08530561471027803,0.004429730297089845
2020-10-30,17056842,21,496290,-0.4011349134267053,0.004349122100047231
2020-10-30,17056842,22,523215,-0.1083487774544282,0.0038323628474590254
2020-10-30,17056842,23,648266,-0.12926277199558023,0.0034049478501769377
2020-10-30,17056842,24,1013395,-0.032750169954922664,0.0028282602490576608
2020-11-02,22474208,0,111234,0.1286943230337254,0.0026585343044404864
2020-11-02,22474208,1,2407436,0.07558598736911633,0.0023413909353818835
2020-11-02,22474208,2,1508175,0.147461268681713,0.006062799620437575
2020-11-02,22474208,3,850760,0.5208626970096697,0.006480372558093859
2020-11-02,22474208,4,584315,-0.1845875454215272,0.006718400967295283
2020-11-02,22474208,5,634350,-0.12044983280610629,0.0068405653686900054
2020-11-02,22474208,6,719484,-0.022488760776485605,0.004158539741250922
2020-11-02,22474208,7,916022,-0.08292052631099657,0.004379969114564015
2020-11-02,22474208,8,563101,-0.4882088676867315,0.004585842926594417
2020-11-02,22474208,9,842014,0.16894154274986353,0.004793961679915376
2020-11-02,22474208,10,2369483,0.11231885676294294,0.004626819323569155
2020-11-02,22474208,11,938344,0.10740921870959781,0.005030677375024494
2020-11-02,22474208,12,678800,-0.10497624188570547,0.004995721441184515
2020-11-02,22474208,13,756911,0.18972121446167875,0.0050658680132110645
2020-11-02,22474208,14,707679,0.20885312715230187,0.005544099732666935
2020-11-02,22474208,15,630700,0.1329083107275971,0.004671839995580438
2020-11-02,22474208,16,714223,-0.06656333863897804,0.004280928283364739
2020-11-02,22474208,17,810630,0.0021669570660010724,0.004474884596349298
2020-11-02,22474208,18,754465,-0.025263027418000166,0.0036577535654818524
2020-11-02,22474208,19,1159994,0.4167488754170225,0.003281318417131796
2020-11-02,22474208,20,715560,0.0916015058452457,0.0033717576147562394
2020-11-02,22474208,21,743200,0.2490784795404212,0.0029202821936456453
2020-11-02,22474208,22,675967,0.003160921272251276,0.0030027693768662996
2020-11-02,22474208,23,737780,0.06401452208654956,0.0029906991089663913
2020-11-02,22474208,24,943581,0.02248985740067376,0.0024286156205151925
2020-11-03,16500849,0,60400,-0.10507615509340548,0.0018984506906425463
2020-11-03,16500849,1,1337230,0.19346283577660728,0.0014945263796122957
2020-11-03,16500849,2,1238060,0.0361234910608318,0.003406604915221112
2020-11-03,16500849,3,945004,0.22969487420472542,0.004768374070996297
2020-11-03,16500849,4,835595,-0.18386368401555575,0.005114193749138057
2020-11-03,16500849,5,614700,0.056609961181535405,0.005498164401578871
2020-11-03,16500849,6,676443,0.08090322312703903,0.004602001982180511
2020-11-03,16500849,7,801419,0.04273014964642548,0.003436879422323412
2020-11-03,16500849,8,675768,0.07682972436204367,0.003243834202312959
2020-11-03,16500849,9,594036,-0.10881999146873839,0.0036153294547183793
2020-11-03,16500849,10,391124,0.2506902320510447,0.00412871046081705
2020-11-03,16500849,11,271760,0.23835326365756832,0.004042019581001325
2020-11-03,16500849,12,296663,-0.057320887371982564,0.0038496595994662853
2020-11-03,16500849,13,466387,-0.1802476908112251,0.0031696715686567217
2020-11-03,16500849,14,415029,-0.5033532101692515,0.0027818748845284047
2020-11-03,16500849,15,363157,-0.08192011988128528,0.0026568465824945873
2020-11-03,16500849,16,464048,0.22978671437207823,0.00277302609197925
2020-11-03,16500849,17,409080,-0.12894874203711995,0.0025923023676332367
2020-11-03,16500849,18,476400,0.050524655641358975,0.002678485980218874
2020-11-03,16500849,19,662972,0.31759805871877744,0.0026221221935535752
2020-11-03,16500849,20,841630,0.2265323335482698,0.0026424661737758206
2020-11-03,16500849,21,1174100,0.3433189050987398,0.0033587733915628726
2020-11-03,16500849,22,723260,-0.005170510843891969,0.003277899501711235
2020-11-03,16500849,23,790679,0.5176663265559129,0.0034554495617602383
2020-11-03,16500849,24,975905,-0.014708926342298456,0.003393646313962736
2020-11-04,18167985,0,60300,0.27457902060985473,0.0032690875686102257
2020-11-04,18167985,1,1120423,0.06544946155214244,0.0028670243100390367
2020-11-04,18167985,2,814560,0.4174870807435544,0.004277393350628468
2020-11-04,18167985,3,628230,0.6617616857127788,0.00508749189884769
2020-11-04,18167985,4,524040,-0.30279877386945286,0.004928662531894215
2020-11-04,18167985,5,439810,-0.46016280896748196,0.005296829835648933
2020-11-04,18167985,6,474934,0.130779649119338,0.004152509817175124
2020-11-04,18167985,7,483914,0.6030346828881603,0.003488973428682621
2020-11-04,18167985,8,470960,-0.16106111321933672,0.00358328111766586
2020-11-04,18167985,9,368679,0.40455386992967074,0.0033793256868004276
2020-11-04,18167985,10,323162,-0.14464401151432588,0.003958225466179265
2020-11-04,18167985,11,855075,-0.04260806219397282,0.0034928785585560326
2020-11-04,18167985,12,1968152,0.06875228860671816,0.003485846218958367
2020-11-04,18167985,13,1198559,-0.12883897325076646,0.00764203195947265
2020-11-04,18167985,14,777060,0.3565654849403715,0.008257303865823632
2020-11-04,18167985,15,459216,0.02747329541308913,0.008646474976229317
2020-11-04,18167985,16,531261,0.03212821796842389,0.008933528280165543
2020-11-04,18167985,17,474870,-0.14568008531914328,0.005737869554727997
2020-11-04,18167985,18,846839,-0.1386998262767129,0.004478119228378805
2020-11-04,18167985,19,1163678,-0.09161388762678187,0.004431976859961984
2020-11-04,18167985,20,595439,0.23562986586857604,0.004026561925171423
2020-11-04,18167985,21,637660,-0.1168392429826695,0.004207307820244513
2020-11-04,18167985,22,938082,-0.017821122369970167,0.004390059020997794
2020-11-04,18167985,23,1008104,-0.0412765231742458,0.004513312137061319
2020-11-04,18167985,24,1004978,0.2688695121031741,0.00471466498762882
2020-11-05,21822195,0,148306,0.3976101920343674,0.004618414927752319
2020-11-05,21822195,1,2460301,-0.02442785955942656,0.004155291760459045
2020-11-05,21822195,2,1229253,0.085374281952403,0.005023295952130525
2020-11-05,21822195,3,939782,0.36459607608614203,0.004645090560113958
2020-11-05,21822195,4,2239358,0.20740824792242668,0.004830111500230172
2020-11-05,21822195,5,2994038,0.12281509972553518,0.006285144248041262
2020-11-05,21822195,6,1531827,-0.35664999049346885,0.006537364467115671
2020-11-05,21822195,7,833836,0.2122198002276957,0.006919195293931064
2020-11-05,21822195,8,697097,0.2396080762559699,0.00749234248084841
2020-11-05,21822195,9,609682,0.616205457903235,0.006644599920123947
2020-11-05,21822195,10,639220,0.14595915135266818,0.0052597994974968336
2020-11-05,21822195,11,772517,0.3458189910489737,0.005264943929783596
2020-11-05,21822195,12,558851,0.2703016474861832,0.004740471130565508
2020-11-05,21822195,13,425190,0.1607946539494678,0.004388494411592484
2020-11-05,21822195,14,507479,0.25942348090212797,0.004257806129228245
2020-11-05,21822195,15,431713,-0.07112306548690107,0.003202489617363367
2020-11-05,21822195,16,336681,-0.07279223678566046,0.0020858009247105695
2020-11-05,21822195,17,546033,-0.31146156643789813,0.002250827483991827
2020-11-05,21822195,18,653508,-0.10035348099980694,0.002688259144321676
2020-11-05,21822195,19,685102,0.23363028013645062,0.002935865269829516
2020-11-05,21822195,20,535198,-0.0861906013253007,0.0029656926163313946
2020-11-05,21822195,21,346300,0.22960378987410215,0.003476880275197686
2020-11-05,21822195,22,392500,-0.563658441998197,0.002967030847016885
2020-11-05,21822195,23,542570,-0.272325887308228,0.0027597606159233978
2020-11-05,21822195,24,765853,0.3372339681487941,0.0025944379822696673
2020-11-06,23204360,0,144891,0.23327349252311524,0.0015032251045822172
2020-11-06,23204360,1,1660674,-0.12479842532219289,0.0012972633056409278
2020-11-06,23204360,2,2457340,0.2619777596844454,0.003580353313076432
2020-11-06,23204360,3,2217365,0.2529967299119391,0.006271694920386069
2020-11-06,23204360,4,2425701,0.014898511188094373,0.006823235477464451
2020-11-06,23204360,5,1635566,0.38424739454214385,0.008012168157762848
2020-11-06,23204360,6,623973,-0.2025990534067358,0.009112515462376663
2020-11-06,23204360,7,557359,0.06035754941570776,0.007786549335690751
2020-11-06,23204360,8,484791,0.1995531121786043,0.007452775694116435
2020-11-06,23204360,9,703950,0.2607079815593565,0.006312700227126117
2020-11-06,23204360,10,531994,-0.163622726389141,0.003981516970271955
2020-11-06,23204360,11,432635,0.24735467899606048,0.0041084117384755274
2020-11-06,23204360,12,764713,0.17974335800993302,0.004053612970158678
2020-11-06,23204360,13,720307,-0.17033062223690631,0.004433033219014155
2020-11-06,23204360,14,684409,0.1209853646230864,0.004629306306667204
2020-11-06,23204360,15,884127,-0.16060080474780233,0.0046452100415054565
2020-11-06,23204360,16,808420,-0.31508966774058056,0.005266135368285629
2020-11-06,23204360,17,1123740,-0.4745824799843952,0.005194328880595772
2020-11-06,23204360,18,694850,-0.24258269962985654,0.004498923007987327
2020-11-06,23204360,19,638099,0.07643023185895156,0.003988173480042188
2020-11-06,23204360,20,463270,0.11164839701843883,0.003540355032070766
2020-11-06,23204360,21,517600,0.3290113393598398,0.00310298270414143
2020-11-06,23204360,22,707570,-0.1441994335864689,0.00301354226645662
2020-11-06,23204360,23,636160,-0.17519960807984145,0.0035540194406384357
2020-11-06,23204360,24,684856,0.1959560893177149,0.003062402193190489
2020-11-09,21099434,0,104837,0.35353178688039966,0.0033455163837921337
2020-11-09,21099434,1,2724854,0.09611170801954425,0.003162361225560109
2020-11-09,21099434,2,1806508,0.45125531523076207,0.0055699342655636365
2020-11-09,21099434,3,1369286,0.0007601498881613726,0.006046175509894095
2020-11-09,21099434,4,1401709,-0.04281732580886527,0.006729714262913522
2020-11-09,21099434,5,1205134,0.4257071506490293,0.007011206981118735
2020-11-09,21099434,6,1215963,0.16291880117117652,0.005283735223084693
2020-11-09,21099434,7,985121,-0.1562107813705523,0.005472962022385928
2020-11-09,21099434,8,1139130,-0.45597117471699045,0.004517675991965697
2020-11-09,21099434,9,804876,-0.17332658002111564,0.0048677612420613995
2020-11-09,21099434,10,874140,-0.6128886674623821,0.004615827036546063
2020-11-09,21099434,11,932942,0.129955734617035,0.004072642646848573
2020-11-09,21099434,12,559673,0.016402403625233656,0.004015980670186032
2020-11-09,21099434,13,635966,-0.5339519881435857,0.0033598745064915996
2020-11-09,21099434,14,486291,0.19568987036680527,0.004809425697219797
2020-11-09,21099434,15,485920,0.548101773239379,0.0047755972659012744
2020-11-09,21099434,16,309912,-0.4629763879222663,0.004913805195569401
2020-11-09,21099434,17,599531,0.14949764643629757,0.004879004392636425
2020-11-09,21099434,18,456156,-0.3305833372545874,0.0037965479548368103
2020-11-09,21099434,19,438124,-0.4246771789509137,0.003293031345679644
2020-11-09,21099434,20,428127,-0.46716470394703685,0.003106839579451861
2020-11-09,21099434,21,381455,-0.5494673508620103,0.00330341209200357
2020-11-09,21099434,22,501818,0.23273344152043327,0.0028031551498584654
2020-11-09,21099434,23,631692,-0.3365869011019379,0.0031812063068011698
2020-11-09,21099434,24,620269,0.062405759450373806,0.0030364561586761238
2020-11-10,18637141,0,105566,0.40490229924763343,0.002717853255229545
2020-11-10,18637141,1,2171672,-0.02566983361706337,0.0023766831667716448
2020-11-10,18637141,2,1626580,-0.33678399466570785,0.005873596524594506
2020-11-10,18637141,3,2033309,0.5760348218487568,0.007089063658345518
2020-11-10,18637141,4,1286031,0.2548781675969258,0.007925721720654956
2020-11-10,18637141,5,512532,0.465128777283946,0.008356116494572626
2020-11-10,18637141,6,400163,-0.18518476166867967,0.00639372179071549
2020-11-10,18637141,7,547201,-0.5105629655096445,0.005009148558339581
2020-11-10,18637141,8,825742,0.2769477023614723,0.004356989947164835
2020-11-10,18637141,9,568933,0.04857198642931276,0.0036362825583964487
2020-11-10,18637141,10,488586,0.1655300419523958,0.0034838955241051645
2020-11-10,18637141,11,505427,-0.28322226057117217,0.0034069206820186854
2020-11-10,18637141,12,522286,0.13955666112932844,0.00242463136908763
2020-11-10,18637141,13,640003,-0.11282015746615533,0.00259904388109612
2020-11-10,18637141,14,498798,-0.15367536694248493,0.0028685783575027953
2020-11-10,18637141,15,231037,-0.08704806279969539,0.003187843923285723
2020-11-10,18637141,16,470306,-0.0913824857453448,0.0030167557077810663
2020-11-10,18637141,17,571191,-0.3092673215211407,0.0031090900070677506
2020-11-10,18637141,18,945219,-0.14031743573286717,0.0031427993167042474
2020-11-10,18637141,19,674759,0.05531478744699501,0.0030428408055023517
2020-11-10,18637141,20,603200,0.06168294318437665,0.0034926229368375
2020-11-10,18637141,21,591570,-0.1631786125646306,0.0034166292481005666
2020-11-10,18637141,22,764054,-0.027344778373482103,0.0033302336019457555
2020-11-10,18637141,23,505594,-0.33835959591143905,0.003312674436901431
2020-11-10,18637141,24,547382,0.028572680013662467,0.0028375809227206314
2020-11-11,21198329,0,63800,0.00743933307071035,0.002591650609918651
2020-11-11,21198329,1,1204702,-0.19164149054997923,0.001961231481008606
2020-11-11,21198329,2,1418579,0.22478724046170775,0.00400223217374641
2020-11-11,21198329,3,1376032,0.022750712627191135,0.004399971736028701
2020-11-11,21198329,4,1502350,0.2271940593723239,0.004587976313139252
2020-11-11,21198329,5,4259505,-0.10432628235495406,0.007592114270485301
2020-11-11,21198329,6,1501908,0.20859072796035974,0.010610584903665881
2020-11-11,21198329,7,1569629,-0.1028763028814393,0.011020523531830296
2020-11-11,21198329,8,778963,-0.13206763300447855,0.011344749705687327
2020-11-11,21198329,9,657283,-0.17033778439917713,0.010000065825590558
2020-11-11,21198329,10,664223,-0.6020243432650028,0.005977118831301457
2020-11-11,21198329,11,421670,-0.05263407082875663,0.005473300105024593
2020-11-11,21198329,12,406924,-0.0830713633759757,0.004874305136083446
2020-11-11,21198329,13,414300,-0.1644534456499814,0.00448340714789711
2020-11-11,21198329,14,329937,-0.45769988975471887,0.005060207718631256
2020-11-11,21198329,15,472240,0.013377801429760604,0.004343051233490103
2020-11-11,21198329,16,378950,-0.4414607859630868,0.00414392940771904
2020-11-11,21198329,17,436500,-0.1137595105220175,0.0038038574682411177
2020-11-11,21198329,18,422298,0.25156783526154197,0.002325248397682154
2020-11-11,21198329,19,309009,-0.19158308983793387,0.002293855673077544
2020-11-11,21198329,20,304180,0.12179349736920593,0.0021005612285511805
2020-11-11,21198329,21,350561,0.27742260992273704,0.0017549167232187562
2020-11-11,21198329,22,441300,-0.069862433881849,0.001536249523725396
2020-11-11,21198329,23,529457,-0.01361366862804162,0.0019608931154589016
2020-11-11,21198329,24,984029,-0.054223228494484174,0.00183817496937497
2020-11-12,15801557,0,108239,0.3944932092183544,0.003651628742788991
2020-11-12,15801557,1,1670611,-0.43209196539602757,0.0035826642457502046
2020-11-12,15801557,2,1657922,-0.03400560214572777,0.005261832157047272
2020-11-12,15801557,3,2210063,0.035356059859150385,0.005949570495412413
2020-11-12,15801557,4,1008396,-0.016025906035407416,0.0063203350694453035
2020-11-12,15801557,5,496897,-0.04037249464046705,0.0072913862045575605
2020-11-12,15801557,6,497723,-0.2619669136461547,0.006194513848829159
2020-11-12,15801557,7,490962,-0.46587637946525967,0.005881221618329589
2020-11-12,15801557,8,473780,-0.0586430754298786,0.005015417649803499
2020-11-12,15801557,9,362936,-0.35818669446392887,0.003949703800047737
2020-11-12,15801557,10,420580,0.02594280418517701,0.0041125891178332985
2020-11-12,15801557,11,371900,0.0440964956004759,0.00389204253647586
2020-11-12,15801557,12,308268,0.23986467600201683,0.0033117256035289163
2020-11-12,15801557,13,354836,0.1769029995392882,0.0027445285153463944
2020-11-12,15801557,14,556504,0.19546134702134899,0.0023487503060967193
2020-11-12,15801557,15,316850,-0.021317245739695824,0.002013219129652975
2020-11-12,15801557,16,297600,-0.16440950599360973,0.0018121045036158378
2020-11-12,15801557,17,355530,0.4819562602551321,0.0017818718740998962
2020-11-12,15801557,18,555096,-0.21216613286108263,0.0014564354368391767
2020-11-12,15801557,19,302334,-0.3120685328805579,0.0016337049117208873
2020-11-12,15801557,20,338500,0.019230932988302633,0.001634601716436384
2020-11-12,15801557,21,301160,-0.200947099931932,0.0016447175821451391
2020-11-12,15801557,22,370990,-0.22244352947434395,0.001541445907927349
2020-11-12,15801557,23,1000477,-0.012515787687863765,0.0007951138277611157
2020-11-12,15801557,24,973403,0.12333799822019935,0.0030800925876359867
2020-11-13,11958616,0,66700,-0.16311033987644313,0.0037923401681954215
2020-11-13,11958616,1,1532038,-0.08224072082475728,0.003780125863432822
2020-11-13,11958616,2,972192,-0.26953340883076427,0.006096858663021718
2020-11-13,11958616,3,820861,-0.3382902492298583,0.005944559525033523
2020-11-13,11958616,4,1106176,0.05757978485604644,0.005921093209514918
2020-11-13,11958616,5,403081,-0.37270857049205963,0.006555307225505342
2020-11-13,11958616,6,321315,-0.04932792667404719,0.005282457494759431
2020-11-13,11958616,7,215601,-0.14623439631839963,0.004626381062227969
2020-11-13,11958616,8,267157,-0.09646239516861223,0.004200479407884577
2020-11-13,11958616,9,242409,0.09081526815368303,0.0035512722495337277
2020-11-13,11958616,10,188910,-0.219950077699077,0.0027852020439534143
2020-11-13,11958616,11,259442,-0.09617916077837976,0.0028809502073009322
2020-11-13,11958616,12,210160,0.0988013042500672,0.002979195688010167
2020-11-13,11958616,13,378133,-0.0018301512567297925,0.0027135817433220147
2020-11-13,11958616,14,245139,0.060868533860800655,0.003301536571062784
2020-11-13,11958616,15,238758,0.14712655515462356,0.0033670587980715798
2020-11-13,11958616,16,557930,-0.011462194205175908,0.003241827259178581
2020-11-13,11958616,17,476007,-0.13357174312025424,0.003705996677909703
2020-11-13,11958616,18,368963,0.2396129197107347,0.0030231391087715185
2020-11-13,11958616,19,374527,0.15968723240223587,0.002989174102820488
2020-11-13,11958616,20,434174,-0.05647651785378771,0.0031651575508360994
2020-11-13,11958616,21,437262,0.006103895517502086,0.003021994779344554
2020-11-13,11958616,22,584029,0.05414123707263804,0.003062666334744231
2020-11-13,11958616,23,666113,0.02438034677908356,0.0033577347347292677
2020-11-13,11958616,24,591539,0.25853812223789585,0.0035939474566389715
2020-11-16,12118210,0,181300,0.02386865804564139,0.00323822028689232
2020-11-16,12118210,1,1150582,0.2966751891610283,0.002875504313906749
2020-11-16,12118210,2,783939,-0.1792258629877295,0.005563225254150082
2020-11-16,12118210,3,598328,0.2944198229745851,0.006527345295348875
2020-11-16,12118210,4,384500,-0.16201721438219419,0.007170407837381696
2020-11-16,12118210,5,859096,0.14448170999840546,0.007331438295550815
2020-11-16,12118210,6,670968,-0.1825123964432492,0.005625043105561852
2020-11-16,12118210,7,476615,-0.18728409647009664,0.004298830952443271
2020-11-16,12118210,8,527606,0.23458606681718552,0.00343340339550751
2020-11-16,12118210,9,462160,-0.18699834360455045,0.003852981412648199
2020-11-16,12118210,10,352980,-0.14273670734655652,0.0038994117659641664
2020-11-16,12118210,11,572130,0.5113434449280923,0.0037867384619391996
2020-11-16,12118210,12,269800,-0.25110110032774097,0.004019767495522576
2020-11-16,12118210,13,419142,-0.17498493897850242,0.0035348362178227303
2020-11-16,12118210,14,685256,0.21110736186147708,0.003224806676792707
2020-11-16,12118210,15,581614,0.4276229536393265,0.003875554242347803
2020-11-16,12118210,16,369110,-0.0624025252259649,0.003520637762627918
2020-11-16,12118210,17,302510,-0.2819120839958614,0.0033302764590010035
2020-11-16,12118210,18,214800,-0.03373738830622242,0.0031219903380704343
2020-11-16,12118210,19,281000,0.10772845230178749,0.0024407853207263504
2020-11-16,12118210,20,301759,-0.25546894218451605,0.0022055206668399807
2020-11-16,12118210,21,292130,0.5652682230768933,0.0025275358502052825
2020-11-16,12118210,22,557118,-0.11714292676414058,0.002511564953068377
2020-11-16,12118210,23,347732,-0.002986131708420405,0.0022313197789427955
2020-11-16,12118210,24,476035,-0.22182963764125316,0.002140164076873696
2020-11-17,29836143,0,65000,0.1944886612107731,0.0018625548726874175
2020-11-17,29836143,1,1535510,-0.15209546069790977,0.0015964748119665013
2020-11-17,29836143,2,2458854,0.236533006437855,0.0060883164993326185
2020-11-17,29836143,3,1176021,0.0635719786423401,0.008133892586272111
2020-11-17,29836143,4,1145508,-0.11537764832106666,0.008538318233194338
2020-11-17,29836143,5,726284,0.044911594434666954,0.008710900844844108
2020-11-17,29836143,6,916688,-0.12256992483382433,0.0065773557566503275
2020-11-17,29836143,7,597505,0.18908755612813985,0.0048341392300823875
2020-11-17,29836143,8,522291,0.3569026349110023,0.004499685837013332
2020-11-17,29836143,9,440807,-0.20034383631219174,0.004928946547513847
2020-11-17,29836143,10,579051,-0.2467790792024852,0.004931434763191175
2020-11-17,29836143,11,387220,0.02633485575068411,0.004201990216195648
2020-11-17,29836143,12,1349906,-0.005378515655658505,0.003900483071050287
2020-11-17,29836143,13,1918738,-0.6211739727056419,0.0037113628554900986
2020-11-17,29836143,14,1486451,-0.1096501676051231,0.004351433872159958
2020-11-17,29836143,15,2325494,-0.5908874121378904,0.006062111389073149
2020-11-17,29836143,16,2441285,-0.06253683411941464,0.006364503600709921
2020-11-17,29836143,17,2117657,-0.0761304483625292,0.008062534532260638
2020-11-17,29836143,18,1046810,-0.06937745820370107,0.009500455419860169
2020-11-17,29836143,19,871103,-0.5579261244977871,0.008611043223551865
2020-11-17,29836143,20,1138332,-0.043868773222786726,0.00838097427916914
2020-11-17,29836143,21,873910,-0.0807187241232418,0.006568885797855326
2020-11-17,29836143,22,1072290,-0.359140055360404,0.0040617935612438545
2020-11-17,29836143,23,1050538,-0.5200809138975745,0.003970572540873316
2020-11-17,29836143,24,1592890,-0.1519824826234572,0.0038382072724243775
2020-11-18,40846764,0,284900,-0.40253238698525995,0.003625235073303049
2020-11-18,40846764,1,1903209,-0.08837683883140625,0.002615255736066004
2020-11-18,40846764,2,1111480,0.04185831001849856,0.003811361996526728
2020-11-18,40846764,3,1919949,-0.050142557163231585,0.004106590218333298
2020-11-18,40846764,4,2177675,-0.24214049052251288,0.0051424001613597226
2020-11-18,40846764,5,3874675,-0.11859213465753904,0.0063360398887258315
2020-11-18,40846764,6,2280228,-0.3066861007702234,0.006964475141507267
2020-11-18,40846764,7,1543837,-0.13703515752718431,0.0070273758475541065
2020-11-18,40846764,8,1305252,-0.5118869832237077,0.006726608075374852
2020-11-18,40846764,9,951034,-0.5529666912633826,0.006342755093494623
2020-11-18,40846764,10,971572,-0.18976294636143543,0.004702177324777522
2020-11-18,40846764,11,919019,-0.40792642815510943,0.004507224690984628
2020-11-18,40846764,12,809910,-0.2828179084008854,0.003788490374814885
2020-11-18,40846764,13,1686598,-0.559202370238895,0.0026552535946565395
2020-11-18,40846764,14,2122056,0.01002314214240495,0.004015198594163373
2020-11-18,40846764,15,1405887,-0.6077182346942333,0.004420362718931918
2020-11-18,40846764,16,1752827,-0.2742753234160687,0.00446862536698232
2020-11-18,40846764,17,1319319,-0.3259823078056885,0.006285784391669058
2020-11-18,40846764,18,933285,-0.36713237982449143,0.006103161939337645
2020-11-18,40846764,19,1691650,-0.056613219880062834,0.005810112321002153
2020-11-18,40846764,20,2009143,-0.4110966584248417,0.006256176237391478
2020-11-18,40846764,21,2743055,-0.20751776206352127,0.004553565137521529
2020-11-18,40846764,22,2550319,0.1394767741001763,0.004294003927527381
2020-11-18,40846764,23,1270767,-0.016084293674329852,0.006539131812638687
2020-11-18,40846764,24,1309118,-0.08236530667759302,0.00637923771929024
2020-11-19,26717621,0,308900,-0.40539206125562083,0.006426535861338022
2020-11-19,26717621,1,3705027,-0.01900936696501735,0.005852843090313418
2020-11-19,26717621,2,1962075,0.20008985374973792,0.006055425206275122
2020-11-19,26717621,3,2117089,-0.01889449710878013,0.007051846611925452
2020-11-19,26717621,4,1402532,-0.15072525183353389,0.008421541444222287
2020-11-19,26717621,5,1429403,0.014323878437361538,0.00872593037572414
2020-11-19,26717621,6,778876,0.049940423831034586,0.007277280058425811
2020-11-19,26717621,7,824179,0.1893446483136587,0.006641760592927575
2020-11-19,26717621,8,933490,-0.006209577124596824,0.005262593066853082
2020-11-19,26717621,9,881100,-0.19644834808331102,0.005478369597316704
2020-11-19,26717621,10,424600,0.034513647839176466,0.005973914865756279
2020-11-19,26717621,11,527350,-0.2647487954061397,0.005889773996038143
2020-11-19,26717621,12,470320,0.11453631718948641,0.0056898367617610615
2020-11-19,26717621,13,808622,0.0276269095475295,0.005379264734485389
2020-11-19,26717621,14,523596,-0.07576437870995122,0.004511291001665323
2020-11-19,26717621,15,507342,-0.434079661472588,0.004097583885160234
2020-11-19,26717621,16,695399,-0.13531614532479522,0.003814195303199605
2020-11-19,26717621,17,1452363,0.19631770242795238,0.004086371968204179
2020-11-19,26717621,18,1177911,0.43116697423859646,0.005330810111066489
2020-11-19,26717621,19,1083575,0.181091279023024,0.00607811165863253
2020-11-19,26717621,20,976470,0.37985259784498626,0.006269471481166281
2020-11-19,26717621,21,987333,0.33047192835109546,0.006670009883654654
2020-11-19,26717621,22,892751,-0.1438314774998333,0.006262053359338034
2020-11-19,26717621,23,746342,0.011187006939732748,0.005361482321208465
2020-11-19,26717621,24,1100976,-0.12768543704381463,0.004996428620687592
2020-11-20,21579358,0,170100,0.30753537765185546,0.004023047674686506
2020-11-20,21579358,1,4708589,-0.38636506417570954,0.0026307050082585207
2020-11-20,21579358,2,2430090,0.16992409544556078,0.011304673391595268
2020-11-20,21579358,3,1102340,0.16322890161455247,0.011882073068702642
2020-11-20,21579358,4,1536237,-0.06533203954987646,0.01217160345249834
2020-11-20,21579358,5,1844914,0.08092695936161355,0.01237604494947387
2020-11-20,21579358,6,1199376,0.38633258928777736,0.006874840292640243
2020-11-20,21579358,7,646700,0.4515659804408586,0.006021212435616367
2020-11-20,21579358,8,400720,-0.02857984619071821,0.005467101136337077
2020-11-20,21579358,9,363210,0.06856501681215546,0.005215030252428007
2020-11-20,21579358,10,462330,0.22547549116367055,0.004355547379200795
2020-11-20,21579358,11,405008,0.061828154572327924,0.004030440530642465
2020-11-20,21579358,12,363690,0.09659331059130052,0.003974929619276012
2020-11-20,21579358,13,587854,0.07461690762987132,0.004158735115884457
2020-11-20,21579358,14,419277,-0.20930295019615422,0.003928480039208283
2020-11-20,21579358,15,515640,-0.2404826535519187,0.003859999982904468
2020-11-20,21579358,16,557213,-0.28801121234859894,0.0038203141352211646
2020-11-20,21579358,17,356594,0.06695599314880174,0.003913966723425408
2020-11-20,21579358,18,356300,0.05997164592353769,0.003022254848756231
2020-11-20,21579358,19,446400,-0.30751990364709064,0.003054639485988009
2020-11-20,21579358,20,518423,-0.22855726579474234,0.003625556649850041
2020-11-20,21579358,21,425669,-0.23711741418443105,0.0031236000039595977
2020-11-20,21579358,22,350110,-0.18273919273677208,0.00309658614810427
2020-11-20,21579358,23,573273,-0.3408844497879764,0.0029265957444296496
2020-11-20,21579358,24,839301,0.11294196484376073,0.0025394315168892324
2020-11-23,14415626,0,100300,0.3895765089737724,0.002578568779620824
2020-11-23,14415626,1,1756759,-0.08447290541817278,0.002403355763019725
2020-11-23,14415626,2,1136700,0.16400099590921738,0.005698754259586639
2020-11-23,14415626,3,831761,0.12300696820530091,0.006410050245832566
2020-11-23,14415626,4,1217186,-0.08372473999956877,0.007114876678142
2020-11-23,14415626,5,585580,-0.19800178038693408,0.007670425574762515
2020-11-23,14415626,6,454382,-0.3880241211745694,0.005806341942469233
2020-11-23,14415626,7,619571,-0.45173363221287477,0.004820140602148558
2020-11-23,14415626,8,327222,-0.5465458533952492,0.004065580989742536
2020-11-23,14415626,9,342100,0.18943839071339652,0.0033574563790814867
2020-11-23,14415626,10,491269,-0.28915280378022723,0.003360946614429382
2020-11-23,14415626,11,291980,-0.11026809694077527,0.0033460599438654742
2020-11-23,14415626,12,234000,-0.0017624610154898504,0.0028757854771024657
2020-11-23,14415626,13,426990,-0.13785168270663484,0.002696169722807419
2020-11-23,14415626,14,472862,-0.06586471045580586,0.003142002140463892
2020-11-23,14415626,15,556063,0.23244558806058585,0.0033328439948777373
2020-11-23,14415626,16,423550,-0.29647749400951,0.0036960480786401885
2020-11-23,14415626,17,444422,-0.07116448118267402,0.003712076571992157
2020-11-23,14415626,18,542159,-0.2618503109502838,0.0035789321232376353
2020-11-23,14415626,19,371869,-0.07632420906757251,0.0036477469852552874
2020-11-23,14415626,20,347432,-0.01212023843318016,0.0032924608255972074
2020-11-23,14415626,21,351821,-0.018235275101974684,0.0031324487005072667
2020-11-23,14415626,22,617760,-0.19786684406992602,0.0027771149675446193
2020-11-23,14415626,23,563968,0.09227221728562934,0.0023609982256589525
2020-11-23,14415626,24,907920,-0.24859335146595363,0.0022980462912154894
2020-11-24,18446049,0,80000,0.37383212720623826,0.002775731624295908
2020-11-24,18446049,1,2607114,-0.114603314139391,0.002520475366512895
2020-11-24,18446049,2,2152489,-0.20965473464696216,0.004837844875503831
2020-11-24,18446049,3,1533272,-0.14555496123356673,0.005958765629078949
2020-11-24,18446049,4,1686226,-0.43118423539988293,0.006093643541115015
2020-11-24,18446049,5,1568014,-0.4947881626126443,0.006272709902865226
2020-11-24,18446049,6,995652,-0.04324708458520807,0.004826108259314954
2020-11-24,18446049,7,745635,-0.16703168506071717,0.004253895365241216
2020-11-24,18446049,8,694400,0.06678252311045119,0.004903393658575291
2020-11-24,18446049,9,461820,-0.22440531242291514,0.005151686857159641
2020-11-24,18446049,10,356700,-0.21467408534473512,0.005156099412771228
2020-11-24,18446049,11,262900,-0.4851633609512334,0.004654885929490007
2020-11-24,18446049,12,301000,-0.3941955880146646,0.003465749839178379
2020-11-24,18446049,13,282790,-0.3072882771880648,0.0028769536434262114
2020-11-24,18446049,14,277850,-0.3182519331820116,0.0028510665728069314
2020-11-24,18446049,15,313060,-0.18653516812676782,0.0025441778223536577
2020-11-24,18446049,16,445040,-0.3107159588822991,0.0026618896910831392
2020-11-24,18446049,17,419100,-0.17189475260042197,0.002921448964516542
2020-11-24,18446049,18,403768,-0.22781378086777743,0.0027047711008257465
2020-11-24,18446049,19,273830,-0.1039913567815976,0.0026480615006377953
2020-11-24,18446049,20,381200,0.05032460231148596,0.0024297887156255614
2020-11-24,18446049,21,286211,-0.13426992633714813,0.0021584124312344073
2020-11-24,18446049,22,505210,-0.20003709412641307,0.0020130210655715597
2020-11-24,18446049,23,415721,-0.2706915808317341,0.0025577973748628514
2020-11-24,18446049,24,997047,-0.5593815184254689,0.0025755225920186062
2020-11-25,15429428,0,38200,0.0,0.002890108217020819
2020-11-25,15429428,1,2058819,-0.12006344077137089,0.0027306699848947407
2020-11-25,15429428,2,1123792,-0.08221477812046807,0.006473178770344911
2020-11-25,15429428,3,1717900,0.09326259390072235,0.006678614738559836
2020-11-25,15429428,4,993349,-0.12588982585077824,0.006983641564762728
2020-11-25,15429428,5,790317,0.006678801104963241,0.007210430340723419
2020-11-25,15429428,6,798101,-0.00042443783293655757,0.0039605711439831505
2020-11-25,15429428,7,551643,-0.0682428588666016,0.0039956562819924175
2020-11-25,15429428,8,502122,-0.5951447242374005,0.00355429613215656
2020-11-25,15429428,9,526479,-0.4544682673027679,0.004177084261003741
2020-11-25,15429428,10,380757,-0.24985102001714393,0.004468876382859928
2020-11-25,15429428,11,286726,0.22752226295114786,0.004816824202694425
2020-11-25,15429428,12,369507,0.30090169095550434,0.0045608624929898405
2020-11-25,15429428,13,376727,-0.17208917422586062,0.003741354452573088
2020-11-25,15429428,14,229209,-0.3188904772849229,0.004186343169291742
2020-11-25,15429428,15,384721,-0.094414580137975,0.0035225662551354175
2020-11-25,15429428,16,445579,0.05418654140951416,0.003999490469609752
2020-11-25,15429428,17,491985,0.41497521336262955,0.004300259304409528
2020-11-25,15429428,18,437114,-0.32514604444705014,0.003663729632899834
2020-11-25,15429428,19,354913,0.3948123332310943,0.003532095238688345
2020-11-25,15429428,20,349239,-0.22086073520425972,0.003002282926107096
2020-11-25,15429428,21,601333,-0.3579451119014523,0.0029394972680303424
2020-11-25,15429428,22,439466,0.04653625808433692,0.0032613353031179437
2020-11-25,15429428,23,468184,0.02161756909949078,0.0033660431292641953
2020-11-25,15429428,24,713246,-0.07579685229809713,0.003272812601878576
2020-11-26,15735005,0,76656,0.3957507852753783,0.0028203139928585693
2020-11-26,15735005,1,1715547,0.27042738384307724,0.0018062528245169414
2020-11-26,15735005,2,1547578,0.33931710240847945,0.007387146340724518
2020-11-26,15735005,3,682198,0.2844498902987665,0.008518755111661783
2020-11-26,15735005,4,1063746,-0.19198758015252618,0.00884457389029405
2020-11-26,15735005,5,997275,-0.28259847358749485,0.009369869267515412
2020-11-26,15735005,6,1073242,0.10855934394338605,0.0062809258203562176
2020-11-26,15735005,7,569400,-0.4747637039382287,0.005833586349906507
2020-11-26,15735005,8,476547,0.06556201103801704,0.0056211742700765675
2020-11-26,15735005,9,515630,-0.25952674959163763,0.005264744004437657
2020-11-26,15735005,10,540700,-0.5245548402395983,0.005114501743691433
2020-11-26,15735005,11,412919,-0.09052546509692268,0.004455329256591672
2020-11-26,15735005,12,315750,-0.3219157202203489,0.004242473165264483
2020-11-26,15735005,13,403151,-0.13693598144781388,0.003985290549568158
2020-11-26,15735005,14,352719,-0.07641972348387344,0.004562704342088053
2020-11-26,15735005,15,354067,-0.1639373105309108,0.004131802790206274
2020-11-26,15735005,16,381690,-0.1226159513028656,0.004147711219819703
2020-11-26,15735005,17,401049,0.0962903073958906,0.00416820301802676
2020-11-26,15735005,18,375199,-0.184256823392244,0.003345311157956856
2020-11-26,15735005,19,491355,0.1123055205308187,0.003196210150542105
2020-11-26,15735005,20,304140,0.27404662085273546,0.0035219536134150783
2020-11-26,15735005,21,308920,0.4483585260208364,0.0034658693123870887
2020-11-26,15735005,22,416299,0.3939519933449195,0.003684614105438888
2020-11-26,15735005,23,495149,-0.367693051170607,0.0038149567369779344
2020-11-26,15735005,24,1464079,-0.2183164528176985,0.0035994681143870404
2020-11-27,9927803,0,107027,0.2569730982650129,0.0035309705520127307
2020-11-27,9927803,1,934528,-0.1104880880113352,0.002987016551225039
2020-11-27,9927803,2,609473,-0.13449787974796382,0.0047387077499774525
2020-11-27,9927803,3,479357,-0.10164793532684734,0.0053650375056150555
2020-11-27,9927803,4,1692907,0.04240294405496721,0.00572167895369491
2020-11-27,9927803,5,912115,-0.1002324115664281,0.007865922839986841
2020-11-27,9927803,6,385576,-0.26130551682433983,0.007098734647224775
2020-11-27,9927803,7,329700,-0.07288643823923509,0.006860611917735333
2020-11-27,9927803,8,180110,-0.016529715218898303,0.006613127578183943
2020-11-27,9927803,9,307450,0.16798526795053773,0.004210085029542202
2020-11-27,9927803,10,239300,0.17360050764429882,0.0038094327687083437
2020-11-27,9927803,11,280603,0.046741124892399996,0.003341680330176766
2020-11-27,9927803,12,194380,-0.06099373557685187,0.0031253155261190373
2020-11-27,9927803,13,247200,0.21432575211449043,0.002931116166403885
2020-11-27,9927803,14,176669,-0.23606968882250834,0.00342203525022437
2020-11-27,9927803,15,137331,-0.17384629324728199,0.003446741180035977
2020-11-27,9927803,16,137100,-0.018569276931439,0.003288819064746682
2020-11-27,9927803,17,193025,-0.14375416448975847,0.003042723663622259
2020-11-27,9927803,18,204664,-0.3265707678788635,0.0022947670170028072
2020-11-27,9927803,19,238512,0.15880221167091535,0.0019654321779700723
2020-11-27,9927803,20,322187,0.19270800889911932,0.0020432595711017353
2020-11-27,9927803,21,294900,-0.43595173305315593,0.0023937312243219534
2020-11-27,9927803,22,327390,0.12843101683011607,0.0023275775447252375
2020-11-27,9927803,23,370200,-0.03208330686010923,0.002349917357793935
2020-11-27,9927803,24,626099,-0.04444824532432112,0.002140289623483882
2020-11-30,19029259,0,48400,0.35958247556498885,0.0017220299265078042
2020-11-30,19029259,1,1710276,-0.16180070249885684,0.0013939180800896338
2020-11-30,19029259,2,959433,0.4128306120597704,0.005944268762209726
2020-11-30,19029259,3,799113,0.11680385492522263,0.0068342788727487214
2020-11-30,19029259,4,1237660,-0.12456455441625323,0.007244156847178633
2020-11-30,19029259,5,1446929,-0.001373470621427531,0.007420024501129471
2020-11-30,19029259,6,1135976,-0.26391249473541156,0.005189797505032195
2020-11-30,19029259,7,720032,-0.16266688192438106,0.004257034392799924
2020-11-30,19029259,8,673700,0.0499753637933787,0.003981611047020914
2020-11-30,19029259,9,458260,-0.31864231818232874,0.004178911090054344
2020-11-30,19029259,10,529110,-0.2612679071068979,0.0035842138343341406
2020-11-30,19029259,11,798340,-0.42158284161066445,0.0035340150735446397
2020-11-30,19029259,12,679515,-0.09547127492424913,0.003305912209928712
2020-11-30,19029259,13,1008227,0.12479850407627148,0.0036195735064811895
2020-11-30,19029259,14,382800,0.05946245925429264,0.005046917463217222
2020-11-30,19029259,15,476144,-0.15993265385548647,0.005177763413668287
2020-11-30,19029259,16,528960,0.2351202761240746,0.00535099238158495
2020-11-30,19029259,17,394500,0.1486119923221993,0.0050450734958859145
2020-11-30,19029259,18,451172,-0.2552226460502013,0.003772302316981148
2020-11-30,19029259,19,772308,-0.23981537227333805,0.004164042126249246
2020-11-30,19029259,20,704711,0.1092122434948108,0.0040916599598003825
2020-11-30,19029259,21,514600,0.13458012647294385,0.0038572669314532065
2020-11-30,19029259,22,582180,0.1903013760981867,0.004091059387718339
2020-11-30,19029259,23,719042,-0.05051631661151994,0.003355387438674705
2020-11-30,19029259,24,1297871,0.042625855781568904,0.0034436639900897363
2020-12-01,25629935,0,142050,0.40733343084935847,0.004051521995678267
2020-12-01,25629935,1,2412985,-0.07360600289267616,0.0033963338729352554
2020-12-01,25629935,2,4022277,-0.061651788516714566,0.007235918456895552
2020-12-01,25629935,3,4578330,0.16014703551287324,0.010369639400434446
2020-12-01,25629935,4,2396884,-0.039207802111409173,0.011281965928821414
2020-12-01,25629935,5,1347506,0.2407242971425951,0.011769116565377989
2020-12-01,25629935,6,779805,-0.04036230554145808,0.010152041176626788
2020-12-01,25629935,7,675149,-0.3806494327969635,0.00685968366366126
2020-12-01,25629935,8,517710,0.3539398588231499,0.0048613273160522915
2020-12-01,25629935,9,316860,0.030197801584415075,0.004046966924972605
2020-12-01,25629935,10,391580,-0.24917796964760555,0.003284072899808291
2020-12-01,25629935,11,313971,0.20474033786425733,0.002996226874487176
2020-12-01,25629935,12,376900,-0.4351257886881527,0.002972918528424177
2020-12-01,25629935,13,526909,0.05139705092734192,0.002428970876856315
2020-12-01,25629935,14,395849,0.09498483923464328,0.0027659691004260746
2020-12-01,25629935,15,581142,-0.2330182724375432,0.0026900498964646546
2020-12-01,25629935,16,525511,-0.12910475964692078,0.003020787727149736
2020-12-01,25629935,17,385030,0.1721850029593375,0.0032946330666229627
2020-12-01,25629935,18,431260,0.2299099854348776,0.003111032118665273
2020-12-01,25629935,19,478469,0.22767280112877838,0.0030674406899402623
2020-12-01,25629935,20,430945,-0.43606580465841827,0.002436338800065961
2020-12-01,25629935,21,537842,-0.019370365957813374,0.001894309841646444
2020-12-01,25629935,22,670396,-0.09357915569044659,0.0014657287858615196
2020-12-01,25629935,23,687697,-0.3747337420072914,0.0012787222975110281
2020-12-01,25629935,24,1706878,0.08286705760514589,0.0012303023806505297
2020-12-02,16222001,0,103100,-0.3820229306431233,0.001253840638440346
2020-12-02,16222001,1,2147954,0.022391402298741394,0.001045553622813095
2020-12-02,16222001,2,1351534,0.3292841093236887,0.0033630062741206676
2020-12-02,16222001,3,1688803,-0.05715816251466546,0.003960403415216991
2020-12-02,16222001,4,1482082,-0.2833651527418417,0.005027282659796181
2020-12-02,16222001,5,1190000,0.18797000224222044,0.00600308084021681
2020-12-02,16222001,6,1084671,0.04532017816143569,0.0052761103227715375
2020-12-02,16222001,7,506747,-0.34545680729010286,0.005294323223025151
2020-12-02,16222001,8,655396,-0.3282398681358632,0.004499476180252505
2020-12-02,16222001,9,571827,0.2863903886076637,0.003491538316233891
2020-12-02,16222001,10,467100,0.013160456183670491,0.0035958305082223296
2020-12-02,16222001,11,359589,0.09695263219755221,0.003120659519482259
2020-12-02,16222001,12,392160,0.32582746211595714,0.0030963049510556173
2020-12-02,16222001,13,287857,0.15138051975387085,0.0035151010091219507
2020-12-02,16222001,14,260200,-0.33246956046340825,0.0036365846708516546
2020-12-02,16222001,15,346000,0.29248303586148305,0.0035566858796506574
2020-12-02,16222001,16,302500,-0.35953624223439395,0.003432932979430805
2020-12-02,16222001,17,295700,0.3143750907687686,0.0028778995797030106
2020-12-02,16222001,18,293800,-0.1706702337653193,0.0021975092729557212
2020-12-02,16222001,19,362710,0.06023156605087273,0.002112174528875919
2020-12-02,16222001,20,305300,0.11607782673740583,0.0022442333610131564
2020-12-02,16222001,21,384100,0.291184597327107,0.001921939827311492
2020-12-02,16222001,22,325421,0.021718125227508902,0.002078767268466299
2020-12-02,16222001,23,355800,0.15472982823725956,0.00200516353235006
2020-12-02,16222001,24,701650,-0.10757938419228164,0.001615260146503652
2020-12-03,28871585,0,65300,-0.3152754449418065,0.0016638296011015426
2020-12-03,28871585,1,2394178,-0.15400937509180002,0.0013084807871118413
2020-12-03,28871585,2,1476707,-0.230222005436576,0.006887205408136798
2020-12-03,28871585,3,1496997,0.1656880652422386,0.007377721814528843
2020-12-03,28871585,4,1148312,0.27988670773390795,0.008306612678902316
2020-12-03,28871585,5,2306595,0.04575135741097939,0.008741646607151984
2020-12-03,28871585,6,1791148,-0.27901918043985363,0.006729366060618883
2020-12-03,28871585,7,1704578,0.29128331773617105,0.007200074586198266
2020-12-03,28871585,8,1373008,0.04164894739697417,0.006515048928005149
2020-12-03,28871585,9,1601607,-0.283758573024234,0.0068935435370883116
2020-12-03,28871585,10,1870274,0.5335260225546322,0.006488837145711716
2020-12-03,28871585,11,986040,0.19574889811276694,0.005742012995236703
2020-12-03,28871585,12,1122703,0.043510904061984525,0.005317376088673003
2020-12-03,28871585,13,899149,0.32012013289363594,0.004888640973822089
2020-12-03,28871585,14,957394,-0.06408404036194472,0.005130026397384394
2020-12-03,28871585,15,636687,0.0841378170753237,0.004925700516197668
2020-12-03,28871585,16,700735,0.2990492834912303,0.005225192524363184
2020-12-03,28871585,17,724822,-0.16597058998336403,0.004500819699624858
2020-12-03,28871585,18,669115,-0.06647045858188985,0.0033324808203665872
2020-12-03,28871585,19,675026,0.4127845974246245,0.003096457382893456
2020-12-03,28871585,20,580005,0.21589601869236597,0.002666553758157557
2020-12-03,28871585,21,756758,0.2935555731537595,0.002743027460788676
2020-12-03,28871585,22,820051,0.004915689205946501,0.0024422156990458947
2020-12-03,28871585,23,1024010,-0.031005664753195317,0.0024196485081575303
2020-12-03,28871585,24,1090386,-0.11196420893616131,0.0021628287407683758
2020-12-04,21237854,0,59500,0.005820101836615777,0.002088598188129612
2020-12-04,21237854,1,2207869,0.0470320189363425,0.001729187945206244
2020-12-04,21237854,2,1640690,0.12339445147329962,0.0033582236778180643
2020-12-04,21237854,3,1135726,-0.12849111792354104,0.004793337377149272
2020-12-04,21237854,4,809566,0.027443786782092798,0.004774662411797348
2020-12-04,21237854,5,1183126,0.40874267845495793,0.005059490858243214
2020-12-04,21237854,6,718372,-0.03458488815725213,0.004410156699722021
2020-12-04,21237854,7,348571,0.25027681365230303,0.003907196034081258
2020-12-04,21237854,8,354938,-0.2174367910365318,0.004080379285604076
2020-12-04,21237854,9,406174,0.25070272874980676,0.003993300320305031
2020-12-04,21237854,10,632889,0.35837615384434524,0.0037887942306293054
2020-12-04,21237854,11,690645,0.4328160290243307,0.002874842374497243
2020-12-04,21237854,12,881286,-0.04707273155985182,0.002868310543322991
2020-12-04,21237854,13,467352,-0.182555000494503,0.0026331785194210725
2020-12-04,21237854,14,675212,0.021361469271950095,0.0025868297093024715
2020-12-04,21237854,15,618501,-0.06196445602369939,0.0028562868536805685
2020-12-04,21237854,16,577772,0.10785548746320396,0.002573617269384332
2020-12-04,21237854,17,1020900,0.20466248259071937,0.0025888982164465686
2020-12-04,21237854,18,720918,0.2371054611890248,0.0026514209908641427
2020-12-04,21237854,19,1915212,0.09698212907115641,0.0022467906226267135
2020-12-04,21237854,20,842929,0.29630037521753116,0.0038768372331965976
2020-12-04,21237854,21,591780,0.22327709592707828,0.004159650038011205
2020-12-04,21237854,22,680199,0.38064579380825864,0.004143857082121682
2020-12-04,21237854,23,994606,-0.005641672515226448,0.00421562436588033
2020-12-04,21237854,24,1063121,-0.10604132296470514,0.0037029250005592433
2020-12-07,15861844,0,110700,-0.40732267437168035,0.0034366764517026714
2020-12-07,15861844,1,1840763,-0.26471147373748255,0.0031847592552917926
2020-12-07,15861844,2,1375563,-0.06764719490289059,0.004389617212104427
2020-12-07,15861844,3,1049589,-0.11690555513533989,0.0043672500795295804
2020-12-07,15861844,4,1582039,-0.21857138315573085,0.005307140127349494
2020-12-07,15861844,5,764301,-0.24905960254883663,0.005752890643173019
2020-12-07,15861844,6,830706,-0.15163535984480703,0.0050991739941748096
2020-12-07,15861844,7,926311,0.25298470267232265,0.004762818338148088
2020-12-07,15861844,8,369591,-0.07930792197548125,0.00403137315587019
2020-12-07,15861844,9,504074,-0.04330330615763985,0.003772073185594254
2020-12-07,15861844,10,665851,-0.09412809111939845,0.003459987572354452
2020-12-07,15861844,11,302083,0.03262564242315831,0.0033954495736560966
2020-12-07,15861844,12,230640,-0.2378307298097711,0.002916698435257139
2020-12-07,15861844,13,426497,-0.21350606635801184,0.0025318537723274127
2020-12-07,15861844,14,471300,-0.31624470218231227,0.002716970209870701
2020-12-07,15861844,15,511116,-0.13934955570580213,0.0024431433262384404
2020-12-07,15861844,16,412375,0.2033110855386418,0.0025793201582262697
2020-12-07,15861844,17,469303,0.3261415772125229,0.002578336808411708
2020-12-07,15861844,18,307497,0.06691489458806436,0.002113351889493777
2020-12-07,15861844,19,398449,0.010607150876414706,0.002000659006791797
2020-12-07,15861844,20,385949,0.02464682928044746,0.001947159096887741
2020-12-07,15861844,21,365048,0.2528428317168566,0.001969950092513602
2020-12-07,15861844,22,414794,-0.3867576466626857,0.0022023846320212473
2020-12-07,15861844,23,466982,0.06413994738179776,0.0021311562290883463
2020-12-07,15861844,24,680323,0.13661520574804262,0.0019756118627838747
2020-12-08,11518462,0,64151,-0.3603273854406996,0.001953256670546114
2020-12-08,11518462,1,1199905,0.294225466242208,0.001454665865580767
2020-12-08,11518462,2,923127,0.13203424621159834,0.003291352267813941
2020-12-08,11518462,3,754458,0.007291820056707781,0.003888389395642951
2020-12-08,11518462,4,717398,-0.1727005285447375,0.004394625618599851
2020-12-08,11518462,5,705162,-0.4007539423307889,0.004747130734125705
2020-12-08,11518462,6,502700,-0.28242385730837843,0.004230849044450443
2020-12-08,11518462,7,314417,-0.36410387121360455,0.0037901130204751918
2020-12-08,11518462,8,336700,0.45413837646454885,0.003189514218576075
2020-12-08,11518462,9,461286,0.14911798689567068,0.0028664691049281243
2020-12-08,11518462,10,320379,0.06027522473837715,0.002220467005395695
2020-12-08,11518462,11,838138,-0.12069891505573932,0.0022473200824538486
2020-12-08,11518462,12,359680,-0.06325568403926966,0.002657279571812228
2020-12-08,11518462,13,259935,0.13893386110823142,0.0025725422283255106
2020-12-08,11518462,14,289765,0.3260836681283943,0.0024297031737240005
2020-12-08,11518462,15,244766,-0.38710745298585786,0.0025812590333039453
2020-12-08,11518462,16,433240,0.351931750203997,0.002240153752747326
2020-12-08,11518462,17,327100,0.2502873192060574,0.0024801056959668495
2020-12-08,11518462,18,179000,0.6642141165554918,0.00249442161459687
2020-12-08,11518462,19,398288,0.45968498653615275,0.0020167575589893016
2020-12-08,11518462,20,292472,0.01640927484795734,0.001799398068479204
2020-12-08,11518462,21,386667,-0.21225344344382283,0.0014204632711471718
2020-12-08,11518462,22,319087,-0.2562548854546257,0.0014495279645876727
2020-12-08,11518462,23,458030,-0.4049142003083685,0.0015159423460996784
2020-12-08,11518462,24,432611,-0.35249741089646897,0.0015164552181547327
2020-12-09,14194327,0,57800,0.3311271340147839,0.001542233646069735
2020-12-09,14194327,1,1477051,0.133582331707008,0.0012491741801601431
2020-12-09,14194327,2,1225768,0.07283880687171806,0.004396497751062999
2020-12-09,14194327,3,2025751,-0.014736611716705596,0.0053388195317635515
2020-12-09,14194327,4,873028,-0.2068052634561945,0.007019088474477414
2020-12-09,14194327,5,531900,0.023105799550612115,0.007239716178876212
2020-12-09,14194327,6,686790,0.01766119092397596,0.0060893302247122935
2020-12-09,14194327,7,632600,0.2888870568203428,0.0055161316096525425
2020-12-09,14194327,8,373461,0.3491010682324897,0.0036185642012456125
2020-12-09,14194327,9,242400,0.31118908849596255,0.0035410390518626983
2020-12-09,14194327,10,193000,-0.15611606688115437,0.003228466733902931
2020-12-09,14194327,11,250990,-0.040230602843840634,0.003039400583332347
2020-12-09,14194327,12,233770,0.5574352052539706,0.0023204537603677897
2020-12-09,14194327,13,304432,0.042911095840455236,0.0017552357975229413
2020-12-09,14194327,14,349800,0.0714615476146024,0.002259180883121512
2020-12-09,14194327,15,441100,0.4328800186761476,0.002076111444181752
2020-12-09,14194327,16,379552,-0.08068853506132458,0.0021385320647122627
2020-12-09,14194327,17,265307,0.2644952592141642,0.0025469617120228525
2020-12-09,14194327,18,336000,0.05635287420289927,0.002080219818692989
2020-12-09,14194327,19,284800,-0.06023205471886047,0.00197262881117198
2020-12-09,14194327,20,250500,0.19011620250563369,0.002052397294036709
2020-12-09,14194327,21,286892,-0.5830702840031062,0.001678631373631029
2020-12-09,14194327,22,517147,0.1907154692483052,0.0017211121612529506
2020-12-09,14194327,23,444771,0.11582887252015457,0.0021705946340421674
2020-12-09,14194327,24,1529717,0.29088723357125873,0.0020473058185249606
2020-12-10,21019743,0,111000,0.3801129174592659,0.004060298175742413
2020-12-10,21019743,1,1680497,-0.29274141346189686,0.003969685233682096
2020-12-10,21019743,2,1014845,-0.23709869904921257,0.005872483164384032
2020-12-10,21019743,3,801312,0.031861648024062106,0.006555232584116374
2020-12-10,21019743,4,536816,-0.3524706387836182,0.005770549908981878
2020-12-10,21019743,5,462397,-0.3121628699533528,0.0060474337567519324
2020-12-10,21019743,6,887705,-0.18239286126631574,0.00413941140535541
2020-12-10,21019743,7,925100,0.10741950460124086,0.0042870465628312045
2020-12-10,21019743,8,657160,-0.354043562175755,0.00422505201066393
2020-12-10,21019743,9,1472811,-0.1292972289488863,0.0043170959749463155
2020-12-10,21019743,10,1021200,-0.25306899589841453,0.004972902870267889
2020-12-10,21019743,11,822461,-0.38542835096750405,0.004243340177330687
2020-12-10,21019743,12,1227050,0.2985058606355346,0.004430496770306532
2020-12-10,21019743,13,992549,0.8854570958232856,0.004025066399324626
2020-12-10,21019743,14,1317871,0.08310533394205183,0.0033155346965176944
2020-12-10,21019743,15,839100,0.28042471830623394,0.003890136538896008
2020-12-10,21019743,16,616835,-0.07802209224319846,0.0042103097851395
2020-12-10,21019743,17,591250,0.3021999235002539,0.004744568813997264
2020-12-10,21019743,18,377792,0.07439821942106212,0.004716419462531812
2020-12-10,21019743,19,722487,-0.342542613253565,0.00414182612483188
2020-12-10,21019743,20,524542,-0.039290748305275576,0.0034347721666160174
2020-12-10,21019743,21,904150,0.22543516101453417,0.0029621526627283527
2020-12-10,21019743,22,706750,-0.4018938541147812,0.003278634011536039
2020-12-10,21019743,23,761111,-0.37122611270413053,0.0034850599082533445
2020-12-10,21019743,24,1044952,-0.29830083659154,0.003498501358281955
2020-12-11,23115370,0,184705,-0.12808831111960134,0.0032587094587121636
2020-12-11,23115370,1,1981312,-0.21152030179550305,0.002556147713875378
2020-12-11,23115370,2,1255307,-0.20287007440446383,0.004620441427403314
2020-12-11,23115370,3,1380453,-0.2576353604138559,0.005113198026481659
2020-12-11,23115370,4,1698257,-0.4519726827360675,0.005813880237659217
2020-12-11,23115370,5,852200,-0.2500919629495947,0.006568855550230613
2020-12-11,23115370,6,646203,-0.2007991348008252,0.00520679911422136
2020-12-11,23115370,7,512800,-0.11406500090069463,0.004958876709097105
2020-12-11,23115370,8,520289,-0.4908794744357009,0.004233228193519104
2020-12-11,23115370,9,497511,-0.3024568319016752,0.003250543200389534
2020-12-11,23115370,10,659260,-0.08918356116892615,0.0032272428564742734
2020-12-11,23115370,11,863260,-0.30814303668749593,0.003716598859702834
2020-12-11,23115370,12,1073300,-0.07761757111133323,0.003862927843860916
2020-12-11,23115370,13,913504,-0.21448402945425318,0.004234381928449072
2020-12-11,23115370,14,904479,0.042033215570336846,0.004563703175197518
2020-12-11,23115370,15,709400,-0.028558863025856127,0.004448651386977451
2020-12-11,23115370,16,831280,-0.2142961109085163,0.004402873210915536
2020-12-11,23115370,17,1430079,-0.38992992940679244,0.004499509825750301
2020-12-11,23115370,18,929206,-0.21533433083929734,0.004438011905485753
2020-12-11,23115370,19,879359,-0.2546951998069648,0.0038052841296932842
2020-12-11,23115370,20,537135,-0.25985293108882734,0.0038307298702095153
2020-12-11,23115370,21,716384,-0.21474365297230255,0.003103064643566111
2020-12-11,23115370,22,917211,-0.2709902423985351,0.002476824229818324
2020-12-11,23115370,23,1090564,0.17548441230512493,0.003779381308312211
2020-12-11,23115370,24,1131912,-0.12744647985273072,0.003667694933633756
2020-12-14,16917839,0,85800,-0.00842351505806332,0.003677977886601672
2020-12-14,16917839,1,1561344,-0.21385339628922745,0.003484491437389167
2020-12-14,16917839,2,1061392,0.2533463728405342,0.005490387382061864
2020-12-14,16917839,3,877708,0.09100126821041082,0.005751906795782057
2020-12-14,16917839,4,803289,0.03896331025333193,0.006569526555012326
2020-12-14,16917839,5,657380,0.052556204308002154,0.007338163179404481
2020-12-14,16917839,6,868490,-0.060681533849060665,0.005250116621841206
2020-12-14,16917839,7,815950,0.09097057140096276,0.005322637589117992
2020-12-14,16917839,8,489218,-0.05301919330625194,0.004492246801159059
2020-12-14,16917839,9,465258,-0.01925170706388117,0.0032739880997284805
2020-12-14,16917839,10,481427,-0.1776154820406206,0.0033021877491000258
2020-12-14,16917839,11,624800,0.34273092175371356,0.002627848353160165
2020-12-14,16917839,12,402796,0.15904783988468824,0.002347043087420876
2020-12-14,16917839,13,384298,0.1972302179596437,0.002304502924520105
2020-12-14,16917839,14,806830,0.2031525935740816,0.0023248695495942215
2020-12-14,16917839,15,668979,-0.6019394899559387,0.0027925976046383337
2020-12-14,16917839,16,364840,0.1645712024875491,0.002719762383703864
2020-12-14,16917839,17,477600,0.09656178579739284,0.0030017575445085453
2020-12-14,16917839,18,392400,-0.0015366628315691922,0.0028910563023134706
2020-12-14,16917839,19,470948,-0.1148093497567949,0.0025819107768316196
2020-12-14,16917839,20,579093,0.46429177416371925,0.002831054544366968
2020-12-14,16917839,21,555900,-0.012748059688962293,0.002602095367929491
2020-12-14,16917839,22,608419,-0.3826431102606706,0.002547746404068108
2020-12-14,16917839,23,651699,0.013812914079686364,0.002165388427986343
2020-12-14,16917839,24,1761981,0.11222587062150853,0.0016957622632323623
2020-12-15,19030906,0,81200,0.04430518218444288,0.0021992324556885344
2020-12-15,19030906,1,1308322,0.13896971463918675,0.0020846651032353516
2020-12-15,19030906,2,1156968,0.1336704122251069,0.0039005432788726275
2020-12-15,19030906,3,1239063,0.20221967066662005,0.0052053717733838625
2020-12-15,19030906,4,2006068,-0.22888980883643056,0.0055873011586980706
2020-12-15,19030906,5,1631881,-0.005949001972542571,0.007036842447163032
2020-12-15,19030906,6,954069,-0.00616671349348103,0.006602142987083948
2020-12-15,19030906,7,1456900,0.31756932132702625,0.006154145190151262
2020-12-15,19030906,8,1039678,0.07827881868104697,0.006619663411291494
2020-12-15,19030906,9,1203821,0.0752718952020296,0.0054242883222677925
2020-12-15,19030906,10,522838,0.038697752585740444,0.005574265084740795
2020-12-15,19030906,11,465819,0.32985850282144374,0.005226875677043446
2020-12-15,19030906,12,333262,-0.17488768457297393,0.003955371521511136
2020-12-15,19030906,13,367431,-0.08961602478834423,0.004171818526260191
2020-12-15,19030906,14,239000,0.03262100026524079,0.003971950437872027
2020-12-15,19030906,15,502358,-0.07974572552212142,0.0037297761279341105
2020-12-15,19030906,16,450648,0.25731227150072056,0.003843014444212028
2020-12-15,19030906,17,296449,-0.22646839329764737,0.0031426320343084396
2020-12-15,19030906,18,274100,0.013917321070417382,0.0024043360516348916
2020-12-15,19030906,19,262832,0.05821673421105966,0.00233314800801712
2020-12-15,19030906,20,492600,-0.2206376825189372,0.0020305257308001357
2020-12-15,19030906,21,300900,-0.13461233150431928,0.0019447494770157812
2020-12-15,19030906,22,537956,0.2980277875655215,0.001591369228650081
2020-12-15,19030906,23,772400,0.2874093839501505,0.0018036762905589288
2020-12-15,19030906,24,1134343,0.34756267179549966,0.0019141081242811477
2020-12-16,14182112,0,92100,-0.16168081515054594,0.002501524047091516
2020-12-16,14182112,1,1104244,-0.31167165065568186,0.00249200230768193
2020-12-16,14182112,2,775126,-0.2229572607635481,0.003885965429760976
2020-12-16,14182112,3,980549,-0.5722753672921329,0.0042763456319855
2020-12-16,14182112,4,555850,0.43859592374538603,0.0053060113309658236
2020-12-16,14182112,5,503026,-0.08316252994019208,0.005730577414589552
2020-12-16,14182112,6,627233,-0.21039296122915066,0.004939578346764994
2020-12-16,14182112,7,488495,0.06651600177478056,0.004718231543644277
2020-12-16,14182112,8,330680,0.18377199617943082,0.003280685237406067
2020-12-16,14182112,9,478149,-0.1529462452221207,0.0027715118718061797
2020-12-16,14182112,10,183786,-0.4418566121089395,0.0029174922419387245
2020-12-16,14182112,11,234100,0.09988080095408194,0.002637348462575523
2020-12-16,14182112,12,212200,-0.27002138367835615,0.0026180220971130782
2020-12-16,14182112,13,244321,-0.08137435454201769,0.002383315187083262
2020-12-16,14182112,14,260896,-0.17190897482836937,0.0018794448725518301
2020-12-16,14182112,15,622302,0.31668942154958485,0.0018289368931155828
2020-12-16,14182112,16,647600,0.1087664718495441,0.0022873979849980346
2020-12-16,14182112,17,336126,-0.18828178077257238,0.0027149843121889792
2020-12-16,14182112,18,419314,0.1187194757733539,0.002689587699024412
2020-12-16,14182112,19,1415585,-0.4917499351588975,0.0026873752593319176
2020-12-16,14182112,20,667743,0.25279644477405583,0.0035555449172442553
2020-12-16,14182112,21,742935,0.13656027132407983,0.003741065943843503
2020-12-16,14182112,22,596940,-0.0654529958488061,0.003910489921672745
2020-12-16,14182112,23,970579,-0.08209874029609525,0.0040240958330670555
2020-12-16,14182112,24,692233,0.055777442142782886,0.0030258324740983973
2020-12-17,19005764,0,54039,-0.12886820187900158,0.0026482233495193413
2020-12-17,19005764,1,1977008,0.18254753491679035,0.002287853152933076
2020-12-17,19005764,2,2293478,0.36394907733150517,0.003216979885535563
2020-12-17,19005764,3,1038953,0.1184365680031213,0.004078781769214771
2020-12-17,19005764,4,800557,0.19897744271682677,0.004422304272510037
2020-12-17,19005764,5,785264,0.3754751549549166,0.004603561008557661
2020-12-17,19005764,6,1128774,0.10882114626962801,0.004084740218482154
2020-12-17,19005764,7,380060,-0.21658775492366836,0.004357394869249803
2020-12-17,19005764,8,303767,-0.08626639165590122,0.0038207415229309935
2020-12-17,19005764,9,471057,0.1638231081451487,0.0038088933227091813
2020-12-17,19005764,10,317190,-0.06324904411309386,0.003711272038978422
2020-12-17,19005764,11,648943,-0.07255603780981824,0.0022766013423220588
2020-12-17,19005764,12,498255,-0.38447820861499643,0.0026255993924323173
2020-12-17,19005764,13,471797,-0.07869412482628561,0.0024830692427207776
2020-12-17,19005764,14,497531,0.13467570075012988,0.0029138819161635605
2020-12-17,19005764,15,394900,0.48018094964768754,0.0032885126777332735
2020-12-17,19005764,16,418276,-0.635000532778942,0.003074418824722187
2020-12-17,19005764,17,479022,-0.3103558937807548,0.0031422827184651217
2020-12-17,19005764,18,583710,0.1341936779246483,0.0027076619284647835
2020-12-17,19005764,19,589598,-0.190302478119312,0.002418372002777531
2020-12-17,19005764,20,598443,-0.27434335148383876,0.003011229619498863
2020-12-17,19005764,21,894276,-0.041711847926158174,0.0028703583557349492
2020-12-17,19005764,22,1422600,0.01588146857358219,0.0035454394088831305
2020-12-17,19005764,23,948719,-0.058371043123951596,0.0037618078213572776
2020-12-17,19005764,24,1009547,-0.2498644245024128,0.003626281542807424
2020-12-18,16395683,0,135600,-0.3945394471194834,0.004130960622518876
2020-12-18,16395683,1,1841025,0.2359442275927384,0.0033438614832028003
2020-12-18,16395683,2,1240491,-0.1591103754429191,0.005477267479115159
2020-12-18,16395683,3,893370,0.16294396638232775,0.005650779082183137
2020-12-18,16395683,4,815823,0.15489604591905476,0.005883287246488887
2020-12-18,16395683,5,970850,0.06458722648541766,0.006010676750584656
2020-12-18,16395683,6,844683,0.10064153693128451,0.004157873508192572
2020-12-18,16395683,7,474012,0.6088339996850988,0.0039146927142844875
2020-12-18,16395683,8,350410,0.08855196300290945,0.0033026534893771608
2020-12-18,16395683,9,445630,0.30040214289475814,0.0034813084339051182
2020-12-18,16395683,10,299200,-0.48260669415427215,0.003457689643043397
2020-12-18,16395683,11,265297,0.09976600382723763,0.003112603032466186
2020-12-18,16395683,12,259611,0.6258158287702423,0.002898855337246424
2020-12-18,16395683,13,301500,0.4509028301143539,0.0024883252168999225
2020-12-18,16395683,14,572058,0.2052866331539237,0.00205719181115174
2020-12-18,16395683,15,583735,-0.1378843981922045,0.002674101865103541
2020-12-18,16395683,16,518866,0.11853238311426215,0.0028640439601343762
2020-12-18,16395683,17,393700,0.4576449407680602,0.003209504956989546
2020-12-18,16395683,18,441664,0.34135477147638615,0.003031910378018113
2020-12-18,16395683,19,537249,-0.07719150242546008,0.0027677498352852007
2020-12-18,16395683,20,485777,-0.08022867265959945,0.002651456970652336
2020-12-18,16395683,21,415900,0.25326226611305935,0.002281979147147203
2020-12-18,16395683,22,512594,0.17577524265893169,0.002349137524538377
2020-12-18,16395683,23,720113,0.02355423725238695,0.0020848889351251566
2020-12-18,16395683,24,2076525,-0.03298479224509896,0.002060490908257893
2020-12-21,24251606,0,140400,-0.3873696921787174,0.003112736887314644
2020-12-21,24251606,1,4352034,0.048582787136446565,0.002941748688173437
2020-12-21,24251606,2,3161375,-0.21895399475624946,0.00951966381490009
2020-12-21,24251606,3,1576684,0.0976260664192445,0.010754560648104736
2020-12-21,24251606,4,1423260,-0.006821709896677349,0.010783393808275166
2020-12-21,24251606,5,1038081,-0.19366889653880384,0.011169645757852927
2020-12-21,24251606,6,626900,-0.1328386676590554,0.006901956342243777
2020-12-21,24251606,7,809083,0.06192318691386662,0.004790179995204676
2020-12-21,24251606,8,755472,-0.11688097270560444,0.004747411537210345
2020-12-21,24251606,9,653894,0.4589914823240945,0.003971329114161804
2020-12-21,24251606,10,766252,-0.12119518467486813,0.003610345709396893
2020-12-21,24251606,11,932500,-0.1239787552941037,0.003983054786559542
2020-12-21,24251606,12,741621,-0.06912127944723806,0.003376989003241275
2020-12-21,24251606,13,487565,-0.42807463390640255,0.0033820716779193096
2020-12-21,24251606,14,478027,-0.41116279196587424,0.003303338537453783
2020-12-21,24251606,15,357400,-0.3624563476791634,0.0025699795954279496
2020-12-21,24251606,16,606675,-0.06125940467169042,0.0022025190988407516
2020-12-21,24251606,17,873614,0.24091675469201398,0.0025157342039412696
2020-12-21,24251606,18,551033,0.00015657112826959784,0.002616328042483679
2020-12-21,24251606,19,503400,-0.18718895300714405,0.0029006602193513585
2020-12-21,24251606,20,596228,0.11242339189150284,0.0030452861653589647
2020-12-21,24251606,21,359430,-0.08074459568062571,0.0026566825906583903
2020-12-21,24251606,22,630718,-0.08887726898520358,0.0023141403280629753
2020-12-21,24251606,23,965287,-0.07453050714586779,0.002260448604035571
2020-12-21,24251606,24,864673,-0.1694031371461826,0.00243657742184622
2020-12-22,30125118,0,232900,0.33602049135157375,0.002529739374218799
2020-12-22,30125118,1,2926109,-0.16963451480041722,0.0022824373132557885
2020-12-22,30125118,2,2690199,0.05951465257690334,0.005862166692904486
2020-12-22,30125118,3,1451697,-0.03989084545598093,0.007733249413067719
2020-12-22,30125118,4,955710,-0.07247142845720078,0.007976014462235715
2020-12-22,30125118,5,1235140,0.24093551318595477,0.008222470342775299
2020-12-22,30125118,6,2260260,0.19622331805023968,0.006426918000946222
2020-12-22,30125118,7,1452826,-0.24613746665035283,0.005201715783155798
2020-12-22,30125118,8,846500,0.005328926931700956,0.005497737615137088
2020-12-22,30125118,9,825000,-0.3315743630210641,0.0053449177707380275
2020-12-22,30125118,10,859710,-0.031476699781166816,0.005420777852038709
2020-12-22,30125118,11,707199,-0.244541668085572,0.00446678032491979
2020-12-22,30125118,12,862004,-0.5104160822586535,0.0035407331110477143
2020-12-22,30125118,13,877985,-0.08053386789472324,0.003594690177705594
2020-12-22,30125118,14,1109320,-0.3531563280203892,0.002842574631423993
2020-12-22,30125118,15,1085537,0.0012960982834158755,0.00323233797641243
2020-12-22,30125118,16,929448,-0.3415730408896633,0.0033913230744200933
2020-12-22,30125118,17,722700,-0.6400140659628956,0.0033564094800307433
2020-12-22,30125118,18,939605,-0.37054142482353747,0.0033482753247436915
2020-12-22,30125118,19,1523800,-0.05855759690911697,0.0030358552842047162
2020-12-22,30125118,20,992935,0.07072983348881498,0.0040646418243718615
2020-12-22,30125118,21,1458645,-0.41748406348573724,0.004041164923867617
2020-12-22,30125118,22,966555,-0.48521282536994137,0.005307155249589666
2020-12-22,30125118,23,1076070,0.08314075325669038,0.0051692326612494885
2020-12-22,30125118,24,1137264,-0.22812510807650704,0.004699027198308291
2020-12-23,23700307,0,189300,-0.01386287437749971,0.00484504450102922
2020-12-23,23700307,1,2345434,-0.15763700113239204,0.0033241709940382146
2020-12-23,23700307,2,1066200,-0.2849511530112731,0.005567717941296939
2020-12-23,23700307,3,1249250,-0.07651998249913831,0.005630841376053973
2020-12-23,23700307,4,1221775,-0.18779411354534134,0.006284466065102093
2020-12-23,23700307,5,870577,-0.14353379644199382,0.006571990842909771
2020-12-23,23700307,6,792400,-0.4130755167976774,0.00481986713227427
2020-12-23,23700307,7,964202,0.2386366932879264,0.004440913137210773
2020-12-23,23700307,8,854860,-0.35379284853886533,0.004091311661964249
2020-12-23,23700307,9,497470,0.2471487991768135,0.0039151074631911574
2020-12-23,23700307,10,541306,0.03765300491005986,0.0038268954108271235
2020-12-23,23700307,11,1054497,0.042434784808515626,0.003761074991161358
2020-12-23,23700307,12,1278800,-0.456841394321392,0.0034080869239952205
2020-12-23,23700307,13,985575,0.2782684519875857,0.003520277073697238
2020-12-23,23700307,14,1174600,0.1137547592860141,0.0042602268246153836
2020-12-23,23700307,15,896054,-0.10103110134230384,0.004210751199786127
2020-12-23,23700307,16,970045,0.01283408466547867,0.004688894888603422
2020-12-23,23700307,17,855675,-0.548244985762196,0.004588348887142602
2020-12-23,23700307,18,965400,-0.19060303381502125,0.004042635173922822
2020-12-23,23700307,19,855572,-0.1551125842830386,0.0040476114582329165
2020-12-23,23700307,20,734540,-0.157564619280481,0.0031253619767345983
2020-12-23,23700307,21,705430,-0.05947724704780191,0.0029498283045176683
2020-12-23,23700307,22,844428,-0.1433989493639168,0.0026251516396037264
2020-12-23,23700307,23,796656,0.363265626944575,0.0027729671192084997
2020-12-23,23700307,24,990261,-0.39074930923224444,0.002307063610938732
2020-12-24,20999412,0,74300,0.205023585101237,0.0022858975443656388
2020-12-24,20999412,1,1677430,0.3501552589213728,0.0020186760921967668
2020-12-24,20999412,2,1641221,0.19836755914598259,0.004870712010103385
2020-12-24,20999412,3,936101,0.2778382912014646,0.005299510999096254
2020-12-24,20999412,4,477564,0.513763631803923,0.005757958821383396
2020-12-24,20999412,5,492489,0.012267672316082206,0.005847490573583988
2020-12-24,20999412,6,1453867,-0.3042003716237583,0.0039787756486119995
2020-12-24,20999412,7,588589,-0.05222390101448551,0.004739727724031015
2020-12-24,20999412,8,595537,0.16069150580435937,0.004628226868356988
2020-12-24,20999412,9,521900,-0.13102347853297797,0.004880289239113727
2020-12-24,20999412,10,869787,-0.33729413893628674,0.0046301718331807785
2020-12-24,20999412,11,445000,-0.3573467371003437,0.003159773454722508
2020-12-24,20999412,12,345900,-0.11688917085563033,0.0028233676671875815
2020-12-24,20999412,13,329500,0.12473381694444055,0.002794821956834288
2020-12-24,20999412,14,1006757,0.28498259781799856,0.0028082906104224476
2020-12-24,20999412,15,976452,-0.1479281826896464,0.0035532317434331987
2020-12-24,20999412,16,912600,0.05441320982621044,0.003469911480509549
2020-12-24,20999412,17,312554,0.07531375559224958,0.0032484497362445224
2020-12-24,20999412,18,549001,0.19256903021963676,0.0032592158882545573
2020-12-24,20999412,19,569964,-0.15186061784463203,0.0024894917133500504
2020-12-24,20999412,20,883537,-0.20771009422270717,0.002341746319037765
2020-12-24,20999412,21,1406899,-0.049930310259919314,0.002661459744989035
2020-12-24,20999412,22,1665582,-0.20188182445190353,0.003400844620583338
2020-12-24,20999412,23,1004574,-0.22089961548202852,0.003860929919217223
2020-12-24,20999412,24,1262307,-0.07237369520992058,0.003815593551014985
2020-12-25,14300244,0,126428,-0.24402027255610612,0.003657313951723189
2020-12-25,14300244,1,1748179,-0.13647824867181235,0.002822751511465733
2020-12-25,14300244,2,1637059,0.043680714675323876,0.00557090524178468
2020-12-25,14300244,3,656690,0.03315531137540121,0.0065353811514339295
2020-12-25,14300244,4,778970,0.055501154563345784,0.006607967402946065
2020-12-25,14300244,5,570600,-0.24191921149439127,0.0071523725017229225
2020-12-25,14300244,6,511180,-0.4211190624295227,0.005195595821229387
2020-12-25,14300244,7,427650,-0.16376359377400462,0.0040131738579161766
2020-12-25,14300244,8,580770,-0.12398052336430529,0.00373336685677413
2020-12-25,14300244,9,500767,-0.04972258763842933,0.0028270912671048637
2020-12-25,14300244,10,437930,-0.317261804682837,0.00234240830673777
2020-12-25,14300244,11,519500,-0.06735654708435869,0.002289480470377459
2020-12-25,14300244,12,333000,-0.3784645894840196,0.0024099077499940102
2020-12-25,14300244,13,563778,0.24598783286587997,0.002292873024037452
2020-12-25,14300244,14,483400,-0.3345542527223093,0.0030402012603634896
2020-12-25,14300244,15,344300,-0.2728171242508425,0.0030191465053303413
2020-12-25,14300244,16,360560,0.18748419911037337,0.0029989076135185145
2020-12-25,14300244,17,295840,0.06310796250701557,0.0029581201077930187
2020-12-25,14300244,18,439268,0.019093735492770825,0.002104100233082303
2020-12-25,14300244,19,311400,0.026065071125535813,0.0022144923699623544
2020-12-25,14300244,20,394427,-0.10396395124149901,0.0020223107127052644
2020-12-25,14300244,21,389580,-0.24598247826832015,0.0024646838117484324
2020-12-25,14300244,22,411400,-0.3301041120185975,0.002464546169992092
2020-12-25,14300244,23,709057,0.3301688376364943,0.0020842261441524194
2020-12-25,14300244,24,768511,0.2265935301909325,0.00234029691074791
2020-12-28,14701374,0,86000,-0.40760819035591606,0.0017982963300912911
2020-12-28,14701374,1,1893650,0.10705628710646209,0.0016556059373613941
2020-12-28,14701374,2,775335,-0.1329187342739928,0.0047716138204643745
2020-12-28,14701374,3,671500,-0.18345286774037406,0.005277009348659248
2020-12-28,14701374,4,474958,-0.09198213506784449,0.005773079003450579
2020-12-28,14701374,5,1084865,-0.20441915808450736,0.006030303273757723
2020-12-28,14701374,6,602530,-0.17984420125801087,0.004401324751399157
2020-12-28,14701374,7,527030,-0.25209137783567825,0.0040254974327195246
2020-12-28,14701374,8,615913,0.07866149934173149,0.0034785691000031827
2020-12-28,14701374,9,419700,-0.186341608337297,0.003323762363008246
2020-12-28,14701374,10,359565,0.15534396334399708,0.003204775438335812
2020-12-28,14701374,11,557435,0.28520272945417424,0.0029129272191527338
2020-12-28,14701374,12,406600,0.09892068574895353,0.00277434581127424
2020-12-28,14701374,13,474786,-0.26868898880798536,0.002677770172506289
2020-12-28,14701374,14,469861,0.1644337793875447,0.003014176481926198
2020-12-28,14701374,15,274739,-0.600142429786881,0.002910048380183241
2020-12-28,14701374,16,324324,0.08409884500835511,0.002894917463721905
2020-12-28,14701374,17,422083,-0.023587936951904268,0.0028942215306015694
2020-12-28,14701374,18,643087,-0.06299294587628769,0.0021689821278034274
2020-12-28,14701374,19,383600,-0.07243459039791714,0.0021044218490905435
2020-12-28,14701374,20,666400,0.2732713433356671,0.0026312984959777673
2020-12-28,14701374,21,704200,0.15796135518317114,0.0025606595529362682
2020-12-28,14701374,22,761520,0.15460311929257442,0.002819261944974573
2020-12-28,14701374,23,466922,0.009091847770232761,0.0028538139350979225
2020-12-28,14701374,24,634771,0.3144106558634948,0.0026289907916939447
2020-12-29,14769107,0,150000,-0.32470826528541247,0.0025043449227493512
2020-12-29,14769107,1,1938027,0.07409269206942579,0.0019715239232852774
2020-12-29,14769107,2,1613395,-0.2560449880240664,0.004122475780358681
2020-12-29,14769107,3,847300,-0.08600295715989954,0.004465862021178841
2020-12-29,14769107,4,1322799,0.11847449171046824,0.004911459129272781
2020-12-29,14769107,5,700057,-0.3598816411721671,0.005196128119654333
2020-12-29,14769107,6,613352,-0.3873294998873206,0.0038773941691017857
2020-12-29,14769107,7,474399,0.04459134809825974,0.0034683884024349445
2020-12-29,14769107,8,421070,-0.18762774983773434,0.002876580916495821
2020-12-29,14769107,9,357199,-0.029672873453140854,0.0028498213418463383
2020-12-29,14769107,10,562190,0.2254519136286733,0.0025251029308681634
2020-12-29,14769107,11,322490,-0.023338581912385553,0.003028057503402618
2020-12-29,14769107,12,258930,-0.025393889985500927,0.003082439915800669
2020-12-29,14769107,13,298610,0.2929914964821346,0.0028094372866113698
2020-12-29,14769107,14,257384,-0.38511120968540263,0.0030232283427502143
2020-12-29,14769107,15,432311,-0.03723249275239687,0.002466740127245586
2020-12-29,14769107,16,373010,-0.13319257771150916,0.0027038750503214884
2020-12-29,14769107,17,521635,0.12240573795796036,0.0027011721947732613
2020-12-29,14769107,18,518969,-0.19811572919624426,0.002808618976414422
2020-12-29,14769107,19,368842,0.31950713709180417,0.002765466279940406
2020-12-29,14769107,20,515750,-0.4355303752304606,0.002369899777879398
2020-12-29,14769107,21,477700,-0.010095112372411036,0.0024475126983358802
2020-12-29,14769107,22,425502,-0.1602089359661444,0.0020342474173408553
2020-12-29,14769107,23,386850,-0.4049984574337586,0.0017529075693576064
2020-12-29,14769107,24,611336,-0.08776582090418801,0.0017115777857258053
2020-12-30,20140099,0,70042,-0.03382177646139533,0.0016850425580949035
2020-12-30,20140099,1,2385936,0.27172713375194724,0.0015074857375094986
2020-12-30,20140099,2,2486107,-0.0966967208447261,0.005165845505350709
2020-12-30,20140099,3,1402950,-0.038895903410619,0.00621876087198055
2020-12-30,20140099,4,1042917,0.19143157097225508,0.006333162933277248
2020-12-30,20140099,5,676834,-0.04272821522177883,0.006887912193372803
2020-12-30,20140099,6,703557,0.458313952867471,0.004861111281546742
2020-12-30,20140099,7,915832,-0.03405261369624717,0.004038308210397049
2020-12-30,20140099,8,400860,-0.014447976781903439,0.004849263712462558
2020-12-30,20140099,9,386600,0.09986986179475126,0.004184504965683771
2020-12-30,20140099,10,379690,0.06506654550521926,0.0041953853863820265
2020-12-30,20140099,11,262960,-0.3018289762838534,0.0037063914005092576
2020-12-30,20140099,12,240300,-0.017465710814508754,0.002145562461220012
2020-12-30,20140099,13,475530,-0.2537633108378099,0.0019250858483539567
2020-12-30,20140099,14,420393,0.32534952781179144,0.0020528249843550475
2020-12-30,20140099,15,561853,-0.4292326756198875,0.002052054290617289
2020-12-30,20140099,16,1174529,-0.2666211635104854,0.0019965357434635813
2020-12-30,20140099,17,695014,-0.021644457872235495,0.0023642069731784673
2020-12-30,20140099,18,297136,0.31237185808334267,0.002533466364710027
2020-12-30,20140099,19,985489,-0.01201047072135742,0.002407303239400636
2020-12-30,20140099,20,828952,0.11248005295806109,0.0029379693691938993
2020-12-30,20140099,21,424550,-0.10514695478225274,0.003039599216824566
2020-12-30,20140099,22,834786,-0.11165114423025241,0.002602958714141927
2020-12-30,20140099,23,1035780,0.31753561245742773,0.002815753126029247
2020-12-30,20140099,24,1051502,0.3630562877622697,0.002334536163206843
2020-12-31,20960820,0,81300,0.25269827609109563,0.0025096755403617135
2020-12-31,20960820,1,2128949,-0.07065069099351275,0.0024696021475748803
2020-12-31,20960820,2,1588366,0.15632150640295306,0.006100578908746731
2020-12-31,20960820,3,1147100,0.054445475217589676,0.006671127489530356
2020-12-31,20960820,4,827725,-0.1158155840657931,0.006555646586807869
2020-12-31,20960820,5,1230690,-0.34594319958547776,0.006720135725588516
2020-12-31,20960820,6,1310435,0.02669195756203559,0.003727056192489699
2020-12-31,20960820,7,727662,0.11813440593906853,0.005000446494636005
2020-12-31,20960820,8,393015,0.20598797284473755,0.004969926866769957
2020-12-31,20960820,9,748845,0.051316518068272025,0.004859190194318633
2020-12-31,20960820,10,408900,0.2800670940015165,0.00501775088277496
2020-12-31,20960820,11,603270,-0.14804712519771174,0.0029554748620673347
2020-12-31,20960820,12,713953,-0.12197601810244209,0.0031765543886875464
2020-12-31,20960820,13,746538,0.058696662484186105,0.003192928313105138
2020-12-31,20960820,14,938630,0.0889767117863393,0.004158250537535331
2020-12-31,20960820,15,660120,-0.3362710457419424,0.004340392830783231
2020-12-31,20960820,16,521933,0.1717508307012217,0.0043624672566640686
2020-12-31,20960820,17,523160,-0.0037248497584835196,0.0044551523857164705
2020-12-31,20960820,18,513849,-0.13501740677173313,0.003676948320257344
2020-12-31,20960820,19,626877,0.24858554377485687,0.0035914687729431335
2020-12-31,20960820,20,908446,0.05825865893077105,0.0035848800236114396
2020-12-31,20960820,21,841114,0.030119321144349776,0.003965098424457393
2020-12-31,20960820,22,782478,-0.21541793781562799,0.0037946283012428358
2020-12-31,20960820,23,962372,-0.32822964331424553,0.0035772504987594206
2020-12-31,20960820,24,1025093,-0.13960481975036867,0.0037344771871764843
2021-01-04,160244073,0,2177149,0.9960874073204609,0.003449881727477354
2021-01-04,160244073,1,38402618,-0.43146565845692564,0.003075913051606049
2021-01-04,160244073,2,15230996,0.33640392995222557,0.013843403880225544
2021-01-04,160244073,3,7047801,-0.0875569463335389,0.016860523199064004
2021-01-04,160244073,4,6754637,0.19553092673677955,0.020253988826486633
2021-01-04,160244073,5,3198177,-0.09035706634841133,0.02132352649597011
2021-01-04,160244073,6,3005430,-0.038071757236896715,0.016572883380199653
2021-01-04,160244073,7,2361266,-0.050416733225255826,0.013492566876204674
2021-01-04,160244073,8,2269909,-0.06082279485690678,0.008136772959805617
2021-01-04,160244073,9,2648713,-0.36258380632519194,0.005233917033272165
2021-01-04,160244073,10,1692406,-0.0044906681657806875,0.005222564298937485
2021-01-04,160244073,11,1716145,-0.4782568056968301,0.005325166340324129
2021-01-04,160244073,12,1528629,-0.14280817348545138,0.005247748065623669
2021-01-04,160244073,13,6915791,-0.3793361446265115,0.005252686109797477
2021-01-04,160244073,14,6778120,-0.37986517187139285,0.008263042431429862
2021-01-04,160244073,15,6576092,-0.2741934394049335,0.009246663091114446
2021-01-04,160244073,16,9469314,0.055664555835929316,0.008619098314143984
2021-01-04,160244073,17,4115039,0.03654113776010187,0.009474458157631982
2021-01-04,160244073,18,3686333,-0.19022566543267783,0.007183818165996766
2021-01-04,160244073,19,6372075,0.2507548227492706,0.0056743559559078284
2021-01-04,160244073,20,5001511,-0.5790725512818551,0.0062812483215820645
2021-01-04,160244073,21,7795887,-0.24086288300308725,0.004301897247598168
2021-01-04,160244073,22,6975235,-0.03976028330869208,0.003929416875100206
2021-01-04,160244073,23,4893419,-0.07993048568427767,0.004975096194867423
2021-01-04,160244073,24,3631381,0.15692149138214914,0.004295327877637542
2021-01-05,81386843,0,844046,0.980021576697167,0.004367124736754195
2021-01-05,81386843,1,14521501,0.0801692400088038,0.0039079388953423095
2021-01-05,81386843,2,10537441,0.15790056647383802,0.010831098531686286
2021-01-05,81386843,3,6561438,0.03203370929393493,0.01126755312653473
2021-01-05,81386843,4,4258643,0.2092399224934304,0.011574435030206507
2021-01-05,81386843,5,3235706,0.0022526497777340315,0.012114288749878853
2021-01-05,81386843,6,2325898,0.11964917286905541,0.006465485591731656
2021-01-05,81386843,7,2349834,-0.28458994968132295,0.0057516111934180335
2021-01-05,81386843,8,1518991,-0.2785419878528836,0.005117518740964491
2021-01-05,81386843,9,2779241,0.03655449651663612,0.003867748562290557
2021-01-05,81386843,10,2232054,-0.39229123437416263,0.003983439387109812
2021-01-05,81386843,11,2736885,-0.3069341392950058,0.004223715687058801
2021-01-05,81386843,12,2150287,0.3562966422074576,0.004833679688401594
2021-01-05,81386843,13,2377799,0.26430168253204506,0.004722649351918407
2021-01-05,81386843,14,2408676,0.04810483114161239,0.00562616895228243
2021-01-05,81386843,15,1740295,-0.22013639985180325,0.005726457301160257
2021-01-05,81386843,16,1403001,0.01947846563936142,0.00520077406958183
2021-01-05,81386843,17,1990307,-0.08877839863718809,0.005314818220741429
2021-01-05,81386843,18,1833090,-0.37070798760794654,0.0031033746477011977
2021-01-05,81386843,19,1551439,-0.19837087809167556,0.002283264098517691
2021-01-05,81386843,20,1634311,-0.6848035061209423,0.002394113604232129
2021-01-05,81386843,21,2383560,-0.028925240523552245,0.0021401702861854996
2021-01-05,81386843,22,1794128,-0.17935234313424597,0.001997999596891996
2021-01-05,81386843,23,2914386,-0.302154691395523,0.001653358098894003
2021-01-05,81386843,24,3303886,0.21748777550041518,0.0013731523680533685
2021-01-06,54079790,0,484400,-0.868785537250328,0.0017456671000923366
2021-01-06,54079790,1,7501742,-0.23981398979068222,0.0015372573664577957
2021-01-06,54079790,2,9645822,-0.11893974734351996,0.007537351745152101
2021-01-06,54079790,3,6760593,0.02194232007005598,0.013559026555653468
2021-01-06,54079790,4,3889360,0.0675950045468193,0.013904375248758979
2021-01-06,54079790,5,1961611,-0.00030791648307422476,0.01422370137093917
2021-01-06,54079790,6,1740074,-0.09628179075521826,0.012380517951117158
2021-01-06,54079790,7,1214917,-0.18791030391827815,0.005322804727186197
2021-01-06,54079790,8,1519677,0.3990555282976732,0.004670512277406867
2021-01-06,54079790,9,1288915,-0.1374359725031882,0.005273242198271581
2021-01-06,54079790,10,1805847,0.12083584233737692,0.005241705197549385
2021-01-06,54079790,11,1133714,-0.04796373791534357,0.005507035248070171
2021-01-06,54079790,12,998547,0.07803812768959897,0.005718808998691257
2021-01-06,54079790,13,929694,-0.19425868184448578,0.004956667279261588
2021-01-06,54079790,14,1374949,-0.1615211721684112,0.004943234548924325
2021-01-06,54079790,15,1063182,-0.12070399743605582,0.005349807597045499
2021-01-06,54079790,16,1305908,-0.16009501726129421,0.005107538212402226
2021-01-06,54079790,17,1048130,-0.21173850703813213,0.004574293487225541
2021-01-06,54079790,18,928810,0.09443884150677231,0.004567365927072946
2021-01-06,54079790,19,782467,-0.23432119452615036,0.003510449916203261
2021-01-06,54079790,20,816591,-0.09969732948127194,0.0030309928129293754
2021-01-06,54079790,21,1049988,-0.21350894965407988,0.002966067035304769
2021-01-06,54079790,22,1729161,-0.7086800455061001,0.0028152793037467226
2021-01-06,54079790,23,1244624,-0.3540985773873808,0.002936195198672979
2021-01-06,54079790,24,1861067,0.17976684517961133,0.00341590388627435
2021-01-07,60046861,0,235319,0.9673013183513919,0.0036358287994276255
2021-01-07,60046861,1,6658549,-0.12152605177549163,0.0029963107860630496
2021-01-07,60046861,2,5816099,-0.11858330519251487,0.010457234557011032
2021-01-07,60046861,3,2871184,-0.1638019084537993,0.011163333866169408
2021-01-07,60046861,4,1501020,0.25851309989692645,0.012056456966518274
2021-01-07,60046861,5,1323607,-0.15352178013682632,0.012313578021547134
2021-01-07,60046861,6,1228801,-0.10812213998623661,0.007621260166974533
2021-01-07,60046861,7,1042358,-0.5221042606631472,0.006627049896066864
2021-01-07,60046861,8,864009,-0.05245434900230925,0.0049220299160484555
2021-01-07,60046861,9,877959,-0.21543440881027343,0.004558706174143808
2021-01-07,60046861,10,687369,0.14648805618966906,0.0040118423152141515
2021-01-07,60046861,11,1059024,-0.3191937284182475,0.0036041293401653605
2021-01-07,60046861,12,1252350,-0.04491586682083342,0.0033405057712782597
2021-01-07,60046861,13,3593270,-0.091506026117406,0.0032575540650061014
2021-01-07,60046861,14,4044739,-0.19101041977146385,0.006203697835289776
2021-01-07,60046861,15,2113174,-0.35450582340263015,0.006897035699431686
2021-01-07,60046861,16,1960232,-0.01874238599372053,0.007300495288885776
2021-01-07,60046861,17,2188734,0.27718611977174734,0.007546046084286069
2021-01-07,60046861,18,2325219,-0.3432994311943909,0.005407648881165314
2021-01-07,60046861,19,2866022,-0.026483263125770984,0.006503313084365467
2021-01-07,60046861,20,3033003,-0.16468269694715618,0.00739356953939956
2021-01-07,60046861,21,4821872,0.27096091505724273,0.008835048151180677
2021-01-07,60046861,22,2662708,-0.0355926435413124,0.009480463176175824
2021-01-07,60046861,23,1958764,0.11613673086665706,0.008748145956873827
2021-01-07,60046861,24,3061476,-0.3619675393428151,0.007964506320279782
2021-01-08,55027297,0,452000,-0.07264296754250386,0.006141873385263177
2021-01-08,55027297,1,6658447,0.27542672917141153,0.004676230898535121
2021-01-08,55027297,2,6361915,-0.00167498224059669,0.005558533436988636
2021-01-08,55027297,3,6556595,-0.29556036405271696,0.00960427752435189
2021-01-08,55027297,4,6688316,0.10044679836792353,0.011119339855648702
2021-01-08,55027297,5,4069877,-0.2629767145839574,0.013092918588970394
2021-01-08,55027297,6,2571570,-0.18420786776456113,0.013962306293163008
2021-01-08,55027297,7,1610717,0.21199229492066193,0.011578963882864435
2021-01-08,55027297,8,1316882,-0.02540234690621453,0.010017232998335365
2021-01-08,55027297,9,1927470,0.26430206267523626,0.007545479398769159
2021-01-08,55027297,10,964756,0.032873589152067555,0.005066404648566429
2021-01-08,55027297,11,876184,0.40000139792408135,0.004631786835574751
2021-01-08,55027297,12,870007,0.14481336077963106,0.00490994653515901
2021-01-08,55027297,13,1224882,-0.022949546661577582,0.004897650347114351
2021-01-08,55027297,14,1598686,0.09718394571894676,0.004465187324612178
2021-01-08,55027297,15,1002963,0.15539478800915607,0.004542490617743487
2021-01-08,55027297,16,1168675,0.3051775568066523,0.004405023274421394
2021-01-08,55027297,17,1157292,-0.16770792550308306,0.0041935626576649595
2021-01-08,55027297,18,1175116,-0.13040567720330426,0.004361517401490748
2021-01-08,55027297,19,740990,0.08348632163018915,0.004426984116748603
2021-01-08,55027297,20,759608,0.23660401932768999,0.00445909868547104
2021-01-08,55027297,21,1119542,0.11269433925109842,0.004347268435543725
2021-01-08,55027297,22,1535630,0.48051106295465223,0.005026288063122832
2021-01-08,55027297,23,1355360,-0.13626047413740947,0.004915415870265912
2021-01-08,55027297,24,1263817,0.031747457965856186,0.004895978270604481
2021-01-11,44760601,0,421667,0.33993399339933994,0.00519179831599505
2021-01-11,44760601,1,5960159,0.1369871680617741,0.0032723764934311835
2021-01-11,44760601,2,3954942,-0.12711006002938965,0.010064745616730106
2021-01-11,44760601,3,2857597,-0.20083308080931142,0.011100048155651797
2021-01-11,44760601,4,1727923,-0.23206934488802297,0.01159855057108305
2021-01-11,44760601,5,1862625,0.297984267060769,0.011717924020491115
2021-01-11,44760601,6,1796902,-0.046215507388093297,0.007289300516496837
2021-01-11,44760601,7,1414408,0.2815191647390028,0.005798506622026505
2021-01-11,44760601,8,884307,0.3816430269840683,0.004656507326157315
2021-01-11,44760601,9,1197379,-0.12872290504620812,0.004574835665369584
2021-01-11,44760601,10,1079349,-0.3674065828813328,0.0037318623784392806
2021-01-11,44760601,11,1154114,-0.5525439453296425,0.003754231222978241
2021-01-11,44760601,12,1073829,-0.1699754856702732,0.003713487065990009
2021-01-11,44760601,13,1294492,-0.160247667718341,0.003990236116654898
2021-01-11,44760601,14,990492,-0.0049853852589539244,0.00398098183832064
2021-01-11,44760601,15,999084,0.046305514063500135,0.00421116567328653
2021-01-11,44760601,16,872331,-0.2394768567104303,0.003967048543744363
2021-01-11,44760601,17,2540999,0.19355046913989277,0.003813515499414949
2021-01-11,44760601,18,1847469,0.39250286194170597,0.0042978319390467
2021-01-11,44760601,19,2773912,-0.012211765523466409,0.0038341422442296253
2021-01-11,44760601,20,2357893,-0.14535787398279554,0.004531541991529103
2021-01-11,44760601,21,1751526,-0.10985162013742324,0.005812668569506003
2021-01-11,44760601,22,1305210,-0.19869316850313337,0.006630443083329846
2021-01-11,44760601,23,1277951,0.46925090838085065,0.006644138819122344
2021-01-11,44760601,24,1364041,0.10348923636076805,0.0066938836214625675
2021-01-12,40334322,0,204400,-0.9833742050791804,0.005850242616255894
2021-01-12,40334322,1,4995822,-0.08448901703545127,0.00415929652462632
2021-01-12,40334322,2,4433621,-0.055156749067425695,0.009434330649743762
2021-01-12,40334322,3,1954570,-0.31832312670669916,0.01054197043540842
2021-01-12,40334322,4,1787980,0.07547401432263784,0.01064484284318518
2021-01-12,40334322,5,1716900,0.20444684517201275,0.011196906987458791
2021-01-12,40334322,6,1374633,0.2819053694027016,0.007366939950885562
2021-01-12,40334322,7,987926,-0.30221915133795485,0.005107244705768405
2021-01-12,40334322,8,888360,-0.2373442034091899,0.004645583508533038
2021-01-12,40334322,9,891755,0.2648774875649218,0.003442013143248443
2021-01-12,40334322,10,1190096,-0.10025338120164388,0.003575157235930157
2021-01-12,40334322,11,1560768,0.05864673918390114,0.00360542884436176
2021-01-12,40334322,12,1267081,-0.5184466095206495,0.0039843099093698035
2021-01-12,40334322,13,1110900,0.012779242254757905,0.004303617966502296
2021-01-12,40334322,14,1037272,0.16479900533980746,0.004131795976115864
2021-01-12,40334322,15,1257829,0.21977358525872792,0.0039427398858042145
2021-01-12,40334322,16,1515538,0.11004194653396518,0.0034107373344789086
2021-01-12,40334322,17,2104579,0.1323758291498345,0.0028019030010151937
2021-01-12,40334322,18,2304688,0.41489576012809903,0.0039750087352219046
2021-01-12,40334322,19,1360593,0.15358305141644651,0.004552405659625859
2021-01-12,40334322,20,1089328,0.2795356393690843,0.005011682731434227
2021-01-12,40334322,21,1233349,0.40903033899755675,0.005236466759985191
2021-01-12,40334322,22,1127860,-0.2752726897151652,0.00431343373659814
2021-01-12,40334322,23,1345377,0.5132148371844583,0.0038914583597100334
2021-01-12,40334322,24,1593097,0.2160568977761806,0.0032702801626488353
2021-01-13,26761658,0,257716,0.9226006191950464,0.0030494366089160105
2021-01-13,26761658,1,4146584,0.04052299303305005,0.0025327802584801276
2021-01-13,26761658,2,2291153,0.1464407779970154,0.006030802855813014
2021-01-13,26761658,3,1679465,-0.2922606812287484,0.0067070831235006975
2021-01-13,26761658,4,1835159,-0.07998017696310074,0.007327656859922082
2021-01-13,26761658,5,905322,0.06467190254308042,0.007525931703747074
2021-01-13,26761658,6,1409130,0.12255000311599655,0.00536675240064792
2021-01-13,26761658,7,1176924,0.05861302789384987,0.005205992976987865
2021-01-13,26761658,8,605860,0.20646577045151374,0.004542114992114113
2021-01-13,26761658,9,1305561,-0.29820045126836264,0.004491909662337566
2021-01-13,26761658,10,916423,0.04365176799451749,0.005348230874611429
2021-01-13,26761658,11,613510,-0.0671854957964405,0.005560288232602987
2021-01-13,26761658,12,493326,-0.1658442108472622,0.0053468752911091325
2021-01-13,26761658,13,618999,0.06653019393399212,0.0056349539438178
2021-01-13,26761658,14,718791,0.2951888669426143,0.004505271124860506
2021-01-13,26761658,15,1299822,0.11606281681247116,0.003498929476985744
2021-01-13,26761658,16,996523,-0.3647388470297693,0.00410488909997107
2021-01-13,26761658,17,907930,0.0720635025146394,0.003748178198446391
2021-01-13,26761658,18,763523,-0.27134230704669776,0.003776386991590257
2021-01-13,26761658,19,888906,-0.07433605962820249,0.0034034124212411073
2021-01-13,26761658,20,518537,-0.20168023947525193,0.003529293928843672
2021-01-13,26761658,21,422193,-0.016225509052346234,0.003271402424234553
2021-01-13,26761658,22,543800,0.13249934975942887,0.003483166655328477
2021-01-13,26761658,23,536413,-0.12253270684843917,0.0037575620935564216
2021-01-13,26761658,24,910088,-0.17402814552297954,0.002737266646539629
2021-01-14,27917714,0,106200,-0.42857142857142855,0.0029904920446383073
2021-01-14,27917714,1,2491725,0.28929448080683606,0.002472464778708582
2021-01-14,27917714,2,2428410,-0.05995228990708312,0.006575932076539676
2021-01-14,27917714,3,1803217,0.16648922074962116,0.009210758902394693
2021-01-14,27917714,4,2550675,0.11898691259785002,0.009949762822596624
2021-01-14,27917714,5,2485844,0.2871587418402252,0.010418439772867745
2021-01-14,27917714,6,959613,0.4741797255872586,0.009740172988131979
2021-01-14,27917714,7,1256200,0.1891480269476774,0.007436661457850469
2021-01-14,27917714,8,812105,-0.1252279726008995,0.006646835412362795
2021-01-14,27917714,9,786730,0.10302516784485541,0.006283558765146116
2021-01-14,27917714,10,611991,0.22785763909124312,0.004082606850025107
2021-01-14,27917714,11,744546,0.24632445421533675,0.0039568010268461705
2021-01-14,27917714,12,712800,-0.3010847970241236,0.004222712217981821
2021-01-14,27917714,13,823217,-0.15785758111959425,0.004064473351335256
2021-01-14,27917714,14,623234,-0.25179563293142565,0.00415014201972123
2021-01-14,27917714,15,715217,-0.051447915616987444,0.004055687634566997
2021-01-14,27917714,16,709530,-0.33985533789446176,0.0031890522494867953
2021-01-14,27917714,17,607785,-0.02189788527645,0.0031413376757693603
2021-01-14,27917714,18,1264589,-0.4603458062389293,0.0026632449207079478
2021-01-14,27917714,19,575972,0.26931576934576595,0.0028924397370064243
2021-01-14,27917714,20,502031,-0.11873591609809099,0.0031099017371643296
2021-01-14,27917714,21,705137,-0.5471169085192092,0.0027604559279720805
2021-01-14,27917714,22,1276095,-0.5808821230770405,0.0027974860472331307
2021-01-14,27917714,23,1299841,0.051245564746513525,0.0025274691517742603
2021-01-14,27917714,24,1065010,-0.3130196530266651,0.0025402323031892666
2021-01-15,23713275,0,108500,-0.6169630642954856,0.002774520500804623
2021-01-15,23713275,1,2701045,0.029467187093350014,0.002493870022563322
2021-01-15,23713275,2,1913974,0.39167849093948803,0.004573130246613286
2021-01-15,23713275,3,2453569,-0.11867361484401905,0.006001988028575942
2021-01-15,23713275,4,950311,0.041484684874051506,0.00688781921211432
2021-01-15,23713275,5,504642,-0.039764905590283395,0.007962125345164725
2021-01-15,23713275,6,915266,0.02241862451259509,0.007158958786169512
2021-01-15,23713275,7,1094752,-0.2926528833996007,0.006081058504378767
2021-01-15,23713275,8,452944,-0.16993037665252847,0.0051482928477117485
2021-01-15,23713275,9,477106,-0.2449019505375092,0.0036881507805838986
2021-01-15,23713275,10,400917,0.22780611386651842,0.003851839176927724
2021-01-15,23713275,11,734508,0.293105523543898,0.0037110328855287636
2021-01-15,23713275,12,628454,-0.06746212851975442,0.003843667587268519
2021-01-15,23713275,13,1121346,0.33838462183726353,0.0035092262753105546
2021-01-15,23713275,14,726989,0.283100838257494,0.003201868561739844
2021-01-15,23713275,15,541985,0.24636496726893264,0.0033443079691811073
2021-01-15,23713275,16,678650,0.17087336131683345,0.0030288448103043234
2021-01-15,23713275,17,796421,0.03094462250750489,0.003696930555277919
2021-01-15,23713275,18,811484,0.10030394294514433,0.00400573035579765
2021-01-15,23713275,19,1514130,0.3657597241185219,0.0036878645766564066
2021-01-15,23713275,20,704166,-0.23728520952251642,0.004243610231981665
2021-01-15,23713275,21,965948,-0.32569971994500585,0.003966716167230013
2021-01-15,23713275,22,803281,0.3819423631938001,0.003488180107048601
2021-01-15,23713275,23,593673,0.04574417116305473,0.004095550877050368
2021-01-15,23713275,24,1119214,0.43800344044173994,0.0033879223397834733
2021-01-18,18475002,0,41709,0.6641477749790092,0.003567270693602892
2021-01-18,18475002,1,1951164,0.269544140219538,0.0033550403266898255
2021-01-18,18475002,2,1173928,0.04490711529574669,0.0063879527501185295
2021-01-18,18475002,3,934608,0.2295561554779707,0.007227470101299097
2021-01-18,18475002,4,1286556,-0.2111658448269989,0.007280496769889583
2021-01-18,18475002,5,976431,0.04008370841164714,0.007826162972727918
2021-01-18,18475002,6,605380,-0.03653613648985144,0.005630486718243501
2021-01-18,18475002,7,700620,-0.07328423828333798,0.0048741341133411486
2021-01-18,18475002,8,406028,0.31950715339472996,0.0046372721047888334
2021-01-18,18475002,9,371200,0.06718650731700275,0.004187733841929695
2021-01-18,18475002,10,374995,0.030546418850122232,0.0035029477268253466
2021-01-18,18475002,11,380205,0.25027681257750733,0.0029174625110531703
2021-01-18,18475002,12,382800,-0.2557562250421257,0.002707911045981697
2021-01-18,18475002,13,1157154,-0.03715948558072551,0.0020418659246343174
2021-01-18,18475002,14,1883341,-0.007914943986708662,0.003938200084230237
2021-01-18,18475002,15,918210,-0.42977924430000886,0.004620441302479276
2021-01-18,18475002,16,550880,0.05409442036545743,0.004659265979183431
2021-01-18,18475002,17,421673,0.021549230276375696,0.004805844221263809
2021-01-18,18475002,18,454901,0.17461732306660058,0.0035065961377247624
2021-01-18,18475002,19,442540,0.14923639399619182,0.0023756410098430044
2021-01-18,18475002,20,436061,-0.057754430900743205,0.0022497528734855567
2021-01-18,18475002,21,565367,0.02974501235915772,0.0017184839297242481
2021-01-18,18475002,22,610139,0.1918726040698061,0.0023072604011440115
2021-01-18,18475002,23,612212,-0.06462649927532832,0.0023867090631637853
2021-01-18,18475002,24,836900,0.11076557251662904,0.0027549588527058222
2021-01-19,29526179,0,54700,0.06944444444444445,0.0028356582816788777
2021-01-19,29526179,1,1771355,-0.17830049728118402,0.0021618360972319784
2021-01-19,29526179,2,1346501,0.04793042843382406,0.004376719019773182
2021-01-19,29526179,3,1231876,-0.07652755953646227,0.0043363393242687185
2021-01-19,29526179,4,2124560,-0.28971975235005115,0.004737130887245386
2021-01-19,29526179,5,1042712,-0.11953207080267443,0.005575954632999302
2021-01-19,29526179,6,1137909,0.4352361451212564,0.00436168129975647
2021-01-19,29526179,7,902704,-0.15728565495022562,0.004350746659578099
2021-01-19,29526179,8,980497,-0.482119500437372,0.003971584135232831
2021-01-19,29526179,9,959133,0.3981822356832583,0.0031004720832739857
2021-01-19,29526179,10,1751377,-0.4534854001606937,0.0028227970634871428
2021-01-19,29526179,11,1977178,0.18433442917766837,0.0026247112341512145
2021-01-19,29526179,12,787278,0.2944118294544201,0.0029191387590219026
2021-01-19,29526179,13,1084032,0.04939286443410478,0.003046145515532301
2021-01-19,29526179,14,1101984,-0.22233557502974086,0.003960964457248142
2021-01-19,29526179,15,1103265,-0.308902525258338,0.004404879600036237
2021-01-19,29526179,16,850103,-0.043229975167563425,0.004237709099657702
2021-01-19,29526179,17,946042,0.0879382868739767,0.004097378498189616
2021-01-19,29526179,18,1696721,0.18247215372040812,0.003345528362582377
2021-01-19,29526179,19,1188503,0.13791025233329238,0.0026766636076717963
2021-01-19,29526179,20,914002,0.059743750741425995,0.0031685144325200683
2021-01-19,29526179,21,956910,0.18526996809207855,0.0029745676235755636
2021-01-19,29526179,22,836511,0.2135412169833891,0.003093693950541201
2021-01-19,29526179,23,1459069,-0.21822242622051852,0.002949587021756976
2021-01-19,29526179,24,1321257,0.23212553291679544,0.0028316838586370944
2021-01-20,50397678,0,37700,-0.9574468085106383,0.0035560190080995654
2021-01-20,50397678,1,4175884,0.08144833588422519,0.003094384076575664
2021-01-20,50397678,2,6543438,0.29970520148537166,0.008323144195170407
2021-01-20,50397678,3,4051066,-0.05622838757452362,0.009244993708417353
2021-01-20,50397678,4,1854052,0.00466351990106612,0.009497229875791206
2021-01-20,50397678,5,3318406,0.10780175898914623,0.009782489787237662
2021-01-20,50397678,6,2668640,0.3777342105700405,0.006672309686781074
2021-01-20,50397678,7,1444517,0.49754331488689474,0.005580357027727289
2021-01-20,50397678,8,1986664,0.07005750618679231,0.004953396584787988
2021-01-20,50397678,9,2576474,0.35249465148286785,0.005179428567396991
2021-01-20,50397678,10,1566997,-0.04558678322246187,0.004914001627214304
2021-01-20,50397678,11,1124450,-0.1067394268980836,0.004801471316895959
2021-01-20,50397678,12,1071900,0.08136430512140262,0.00634023488960797
2021-01-20,50397678,13,1318221,0.046423121024501995,0.006017348561183237
2021-01-20,50397678,14,883491,0.03546952209721259,0.006557224055643671
2021-01-20,50397678,15,1563454,0.2628977307813012,0.0065063696644726545
2021-01-20,50397678,16,2766406,0.1316976577678123,0.004899558189166373
2021-01-20,50397678,17,1134123,0.38780243586145313,0.005257926436930559
2021-01-20,50397678,18,1107231,0.025389956377769883,0.003967608922820635
2021-01-20,50397678,19,1101211,0.07086268123572778,0.003461289983155872
2021-01-20,50397678,20,1382650,0.5673523656563833,0.003178854151913481
2021-01-20,50397678,21,1201130,-0.3867394438375446,0.002554739438074571
2021-01-20,50397678,22,1735970,-0.09056185150586163,0.002493917841765334
2021-01-20,50397678,23,1522771,-0.05946293967456671,0.002510047105318791
2021-01-20,50397678,24,2260832,-0.3129938408430371,0.0024868724917526167
2021-01-21,28059087,0,150401,0.9512076116125885,0.001913597927687241
2021-01-21,28059087,1,3733619,0.3493785052772699,0.0016982759441049066
2021-01-21,28059087,2,2791520,0.28081865810714174,0.004055416209481238
2021-01-21,28059087,3,1939287,0.3458748388802064,0.005693435485653146
2021-01-21,28059087,4,2150709,0.21250213311696373,0.006394733640938936
2021-01-21,28059087,5,1468524,0.13075342678427723,0.007475411536010149
2021-01-21,28059087,6,1456624,0.04689910214801146,0.006852238505228482
2021-01-21,28059087,7,669329,-0.14042096110370395,0.0061229997683809375
2021-01-21,28059087,8,463260,-0.20265782082840295,0.005464766591283104
2021-01-21,28059087,9,552330,0.10782438598110082,0.004026645197767982
2021-01-21,28059087,10,478633,-0.053373709846451615,0.0034529436315889786
2021-01-21,28059087,11,1112092,0.32530988542803124,0.0024061505713113356
2021-01-21,28059087,12,661780,0.11125640425481546,0.0026870422998007235
2021-01-21,28059087,13,1060580,-0.2819650894619567,0.002774072368962926
2021-01-21,28059087,14,1017669,0.3521665241139752,0.003095450167131807
2021-01-21,28059087,15,896965,0.25789811202021173,0.0034496876166142726
2021-01-21,28059087,16,886020,0.20471672400703164,0.003158777506439216
2021-01-21,28059087,17,956300,-0.18133282123951847,0.0030637902848611163
2021-01-21,28059087,18,1151420,-0.33494699058316324,0.002847540398211359
2021-01-21,28059087,19,1049000,-0.08420695140952687,0.002666169392888491
2021-01-21,28059087,20,695701,-0.21634069991022478,0.0030847006064067943
2021-01-21,28059087,21,525413,-0.42153080040292196,0.0031017569947163768
2021-01-21,28059087,22,604538,-0.024617746801808723,0.0030681134866962596
2021-01-21,28059087,23,599283,0.26189165844831797,0.0031076770326230923
2021-01-21,28059087,24,988090,0.02832725150264282,0.002641166078011729
2021-01-22,41163377,0,192828,0.7053045186640472,0.002416246132652912
2021-01-22,41163377,1,3092346,0.11908929042451012,0.0020032539147416474
2021-01-22,41163377,2,2035503,-0.5144364847274377,0.006095815366702621
2021-01-22,41163377,3,3004479,0.31414480806752787,0.007845344554263339
2021-01-22,41163377,4,1988816,-0.14142952751378138,0.009530522945661644
2021-01-22,41163377,5,1726598,-0.22969498304603367,0.010207984427489035
2021-01-22,41163377,6,2888687,-0.050866709978639034,0.008976897510437822
2021-01-22,41163377,7,4151583,-0.022266694374227052,0.007741736248473953
2021-01-22,41163377,8,3137518,-0.10897344834152163,0.009105017282970244
2021-01-22,41163377,9,1450499,0.10371438503065704,0.009263053184880125
2021-01-22,41163377,10,1015230,0.05562242385439383,0.009423137064310149
2021-01-22,41163377,11,1064984,0.04295284506072602,0.009511898382623741
2021-01-22,41163377,12,1127909,-0.2140120364586319,0.006820531996185949
2021-01-22,41163377,13,1547253,-0.12836918551059845,0.006237044820175318
2021-01-22,41163377,14,1373767,0.16185323858675482,0.005025228806817392
2021-01-22,41163377,15,911615,0.0456768151625345,0.004557691104124195
2021-01-22,41163377,16,748871,-0.01858400134388177,0.003743647544991765
2021-01-22,41163377,17,695851,0.033112941085828615,0.0025910189634007945
2021-01-22,41163377,18,798099,0.20245369713622585,0.002418521780342805
2021-01-22,41163377,19,754877,-0.11128560532290487,0.002494185750731233
2021-01-22,41163377,20,962996,0.03814280923261812,0.0028354255028027204
2021-01-22,41163377,21,1851285,-0.0904166791893839,0.002692270779332557
2021-01-22,41163377,22,1774244,0.11362679863424939,0.0032159343068381566
2021-01-22,41163377,23,1309276,-0.33293387969458765,0.003503195697924802
2021-01-22,41163377,24,1558263,-0.13705953342322952,0.0038663586701621214
2021-01-25,31759265,0,236930,-0.0037641154328732747,0.004048992265848378
2021-01-25,31759265,1,4227034,-0.08576527340770825,0.0035908247033873105
2021-01-25,31759265,2,2974438,0.4128687667861015,0.00712028495980737
2021-01-25,31759265,3,2105319,-0.08595306963287475,0.010268212919849017
2021-01-25,31759265,4,2086503,0.0912313202991186,0.011280549174039556
2021-01-25,31759265,5,1127588,-0.18861303644894287,0.013235448197627214
2021-01-25,31759265,6,950546,-0.16250664028443337,0.011670505442646775
2021-01-25,31759265,7,742203,-0.006974591721823752,0.009133615310071811
2021-01-25,31759265,8,908190,0.14282142672079512,0.00825991664533339
2021-01-25,31759265,9,744189,-0.47639187064867916,0.005188217427870843
2021-01-25,31759265,10,1588063,-0.012338621232995244,0.005228229308732491
2021-01-25,31759265,11,1453198,-0.42018664801497035,0.005236683387549284
2021-01-25,31759265,12,1066100,0.10288816342585481,0.005041731944107072
2021-01-25,31759265,13,736180,-0.12123649943893144,0.005647163645946514
2021-01-25,31759265,14,708503,0.15927759618688403,0.005851025808771641
2021-01-25,31759265,15,1143676,0.22530151366293133,0.005581976994052735
2021-01-25,31759265,16,880161,0.4305131887481772,0.00551112470983426
2021-01-25,31759265,17,883812,-0.2036067825858743,0.0049659894905369475
2021-01-25,31759265,18,700684,-0.28991172843400803,0.005046786334314202
2021-01-25,31759265,19,596795,0.32362553073814543,0.005005430844197804
2021-01-25,31759265,20,684600,0.5022944751421464,0.004655327603606216
2021-01-25,31759265,21,1941543,0.13710362902288595,0.003990268985588141
2021-01-25,31759265,22,1306284,0.15037560992912907,0.005413893117171107
2021-01-25,31759265,23,862889,0.02778592207886019,0.005311041294336348
2021-01-25,31759265,24,1103837,-0.449513302035125,0.005396890398662483
2021-01-26,26098534,0,118700,0.9703026841804683,0.005343553717019291
2021-01-26,26098534,1,3103173,-0.25671725956324415,0.0028465969904968927
2021-01-26,26098534,2,1602846,0.012709105339935876,0.0072954372335426124
2021-01-26,26098534,3,2321732,-0.06750313644622263,0.008821814406382007
2021-01-26,26098534,4,1638285,-0.12447005773262623,0.010053269433238036
2021-01-26,26098534,5,730500,-0.07073525608563232,0.011358975914624383
2021-01-26,26098534,6,842200,0.031456076034216164,0.009769159322099479
2021-01-26,26098534,7,627200,-0.06113267182017009,0.008635308689952345
2021-01-26,26098534,8,624648,0.08687705527018247,0.008121108564416118
2021-01-26,26098534,9,435760,-0.19418549754789796,0.006606605057615704
2021-01-26,26098534,10,561950,-0.0988088094804268,0.005612134437039576
2021-01-26,26098534,11,624821,-0.056233743348133906,0.005513428216730452
2021-01-26,26098534,12,809684,0.1957851679674591,0.005000679517205449
2021-01-26,26098534,13,1193752,-0.31876548826792434,0.005215056204245678
2021-01-26,26098534,14,751068,0.11834112915816102,0.006185755344411209
2021-01-26,26098534,15,654500,0.01622659422745086,0.0062093994776569895
2021-01-26,26098534,16,1729777,-0.224864352088432,0.005592896241221463
2021-01-26,26098534,17,966100,-0.06564298905882832,0.005097944060626699
2021-01-26,26098534,18,1293200,-0.16184640392235258,0.003879947401731037
2021-01-26,26098534,19,786299,-0.05833014364165055,0.003499104988577371
2021-01-26,26098534,20,1244427,-0.4571218669711307,0.0034541180125659916
2021-01-26,26098534,21,552600,0.1318906930865975,0.0034439791057321884
2021-01-26,26098534,22,553400,-0.18926466564475267,0.0033750693164413
2021-01-26,26098534,23,912447,0.12023057913418587,0.0031156504551192767
2021-01-26,26098534,24,1419465,0.07997603767234532,0.0031177077002716063
2021-01-27,27903811,0,179838,0.5359628770301624,0.0028145105603910744
2021-01-27,27903811,1,3639221,0.023061114583476452,0.002281686576135035
2021-01-27,27903811,2,3047290,-0.0834909654370338,0.006520170569419851
2021-01-27,27903811,3,2006500,-0.05635269912817688,0.010973268395815599
2021-01-27,27903811,4,1981127,-0.00894860768594729,0.012237558101605471
2021-01-27,27903811,5,1442224,0.04878208791666746,0.014755852172864129
2021-01-27,27903811,6,879065,0.0272572778247797,0.014274897761646378
2021-01-27,27903811,7,948191,0.14897489249727588,0.011342906081368481
2021-01-27,27903811,8,433436,0.2547065173497371,0.010537327993193913
2021-01-27,27903811,9,686092,0.10430009789543586,0.006808976347860087
2021-01-27,27903811,10,922721,0.11219871542119321,0.005126973728846036
2021-01-27,27903811,11,378876,-0.10875236819567893,0.005115046058788213
2021-01-27,27903811,12,271570,-0.2159811576984183,0.003992990052272209
2021-01-27,27903811,13,502976,0.013749954770487221,0.003955997523248099
2021-01-27,27903811,14,690234,-0.4348304543055321,0.004132374640625849
2021-01-27,27903811,15,871731,-0.06614443482805149,0.0038154737943391867
2021-01-27,27903811,16,1026992,0.3081195222662109,0.004074258850539908
2021-01-27,27903811,17,2080868,0.08026805357331418,0.004270549736049137
2021-01-27,27903811,18,1122757,-0.09436942863728998,0.005546791754491954
2021-01-27,27903811,19,1175101,0.2936333156224414,0.005782930613206315
2021-01-27,27903811,20,728033,0.08257376769649415,0.005878906335242774
2021-01-27,27903811,21,529924,0.2886804466277792,0.006647088251574069
2021-01-27,27903811,22,615026,-0.06069644366945478,0.005194216800028123
2021-01-27,27903811,23,668036,-0.4553651732297729,0.004914776897166912
2021-01-27,27903811,24,1075982,-0.3649180863963814,0.004542527255958028
2021-01-28,24915689,0,310267,0.23942322928220566,0.0031809806294494664
2021-01-28,24915689,1,3515283,0.03456879716636839,0.0028794211861536924
2021-01-28,24915689,2,2890225,-0.33230523418105956,0.005870894359887803
2021-01-28,24915689,3,1653257,0.04827453425500444,0.008208988881031089
2021-01-28,24915689,4,1772244,0.32934350347714186,0.00858956453871605
2021-01-28,24915689,5,796153,-0.4250542098974082,0.009759190825067038
2021-01-28,24915689,6,840400,-0.22490218565787973,0.008472393830203406
2021-01-28,24915689,7,789150,0.309725831989524,0.007112226097623201
2021-01-28,24915689,8,497763,-0.008672447154852516,0.00667232528802013
2021-01-28,24915689,9,919837,-0.13036325392069248,0.0051269320408794524
2021-01-28,24915689,10,355620,-0.13391971036117062,0.004937745160480976
2021-01-28,24915689,11,571328,-0.44353005557851705,0.0036169086692779775
2021-01-28,24915689,12,342900,-0.37871325182753945,0.0032182973674942817
2021-01-28,24915689,13,509280,-0.1724177998345612,0.00314012736675922
2021-01-28,24915689,14,372303,-0.07097865032895578,0.0033762508961680993
2021-01-28,24915689,15,384400,-0.18892507924182175,0.0032822295483425474
2021-01-28,24915689,16,567230,-0.12061182739052134,0.003230902024491222
2021-01-28,24915689,17,665807,-0.3681212070891278,0.0029689167213059462
2021-01-28,24915689,18,614693,-0.3319715385565184,0.0023416885308422965
2021-01-28,24915689,19,1292811,-0.491803766479398,0.0026448331130586008
2021-01-28,24915689,20,587212,0.2204166432226461,0.003387906220007432
2021-01-28,24915689,21,622004,0.06279596266582088,0.0036079636926475735
2021-01-28,24915689,22,833400,0.26217129749917634,0.003596675131861448
2021-01-28,24915689,23,820383,0.4052418636109954,0.0035611415755190793
2021-01-28,24915689,24,2391739,-0.3642223588092436,0.0030217311733222144
2021-01-29,22291398,0,166436,0.7625215889464594,0.0033935112069290283
2021-01-29,22291398,1,2414801,-0.18520371930501203,0.0031406666311698593
2021-01-29,22291398,2,1327797,-0.18997869922298974,0.0070750540682584925
2021-01-29,22291398,3,1012216,-0.039410342937406855,0.007449280468650591
2021-01-29,22291398,4,1577153,-0.5068598514279339,0.007910365666939843
2021-01-29,22291398,5,1237923,-0.06479148474403791,0.008338401066015641
2021-01-29,22291398,6,841732,-0.24010023642045997,0.00790291827862513
2021-01-29,22291398,7,638480,-0.31201623211982327,0.007746267947848787
2021-01-29,22291398,8,798066,-0.003499281730835084,0.007216436923313103
2021-01-29,22291398,9,547658,0.40888465258746476,0.007046228016364754
2021-01-29,22291398,10,500131,0.37225917207074266,0.0047073746245615096
2021-01-29,22291398,11,1064870,-0.14526725174121025,0.004528868839289302
2021-01-29,22291398,12,570643,-0.44650048857930247,0.005040059366993231
2021-01-29,22291398,13,941470,0.054451587810248246,0.00465683347517925
2021-01-29,22291398,14,557997,-0.28524281804311985,0.004544313413589423
2021-01-29,22291398,15,525477,-0.21438801408277663,0.00538879516756869
2021-01-29,22291398,16,570357,0.3639824462253228,0.004823487546064305
2021-01-29,22291398,17,797653,-0.4069969857703803,0.005010817149982387
2021-01-29,22291398,18,539752,-0.34714410090495934,0.004708611122155438
2021-01-29,22291398,19,435118,0.047359416981643525,0.0037744124360032864
2021-01-29,22291398,20,806292,0.02391337842525708,0.004063228745338843
2021-01-29,22291398,21,1041490,-0.012984356922205337,0.004719049646478097
2021-01-29,22291398,22,1000880,0.36733639907964954,0.005054479864965593
2021-01-29,22291398,23,1110797,0.45364479048707884,0.005754827913869888
2021-01-29,22291398,24,1266209,-0.5492781493262783,0.005798380487175243
2021-02-01,25076478,0,137060,0.9221789883268483,0.005450408242457944
2021-02-01,25076478,1,2039071,-0.12383875229537102,0.004679136219123247
2021-02-01,25076478,2,1972121,-0.10563621357652875,0.005719385515022982
2021-02-01,25076478,3,1076079,-0.15932048565178042,0.00720337632666459
2021-02-01,25076478,4,1224385,0.05017168772276373,0.007377545215303875
2021-02-01,25076478,5,1655500,-0.5045195415606394,0.007837469925552029
2021-02-01,25076478,6,1348978,0.005912936435476214,0.008418746482611055
2021-02-01,25076478,7,1516900,0.11822630211861257,0.007122804507961246
2021-02-01,25076478,8,1415000,0.10335980649788305,0.007013475462413042
2021-02-01,25076478,9,1536138,-0.13820711490225676,0.006808118490035202
2021-02-01,25076478,10,1144782,0.01023512191259963,0.005294701759182197
2021-02-01,25076478,11,873869,-0.4650174141809629,0.0053942356536352985
2021-02-01,25076478,12,752300,0.10491566879325828,0.00546909439560449
2021-02-01,25076478,13,1040609,-0.1066030749713538,0.005643050898342823
2021-02-01,25076478,14,896954,-0.2816557018257025,0.006055112998057152
2021-02-01,25076478,15,773533,0.42810122889566926,0.006032783428497257
2021-02-01,25076478,16,569062,-0.26942214340983617,0.006098751635246168
2021-02-01,25076478,17,498189,0.03324389155584052,0.005763035399222362
2021-02-01,25076478,18,511983,-0.1970776679037265,0.004315664408072275
2021-02-01,25076478,19,818249,-0.0026566695226869744,0.003724502811430981
2021-02-01,25076478,20,575795,-0.2260602219670332,0.002959772655100452
2021-02-01,25076478,21,831479,0.1105635225181701,0.003520902252093925
2021-02-01,25076478,22,409953,0.14999183476631417,0.0036378706649792744
2021-02-01,25076478,23,650018,0.11507813450510279,0.0036822825872589644
2021-02-01,25076478,24,808471,-0.021083572759642545,0.0038218005702412854
2021-02-02,25674407,0,390599,0.8958387583980001,0.003101543022189378
2021-02-02,25674407,1,4469694,0.12532909538334155,0.002296492382660169
2021-02-02,25674407,2,2620254,-0.3197536738491756,0.006809209417149838
2021-02-02,25674407,3,1438230,0.05020875802327871,0.008698144633242347
2021-02-02,25674407,4,998918,-0.2643265462132476,0.008943995412295855
2021-02-02,25674407,5,1366968,-0.07037217570529854,0.009299406790098752
2021-02-02,25674407,6,1116553,-0.11405688721313326,0.0070669787542676004
2021-02-02,25674407,7,1030930,-0.21266252027030225,0.004633259470856656
2021-02-02,25674407,8,862200,-0.45523725430358913,0.004598089434281214
2021-02-02,25674407,9,584620,-0.4574176494757711,0.004959502823468176
2021-02-02,25674407,10,796220,-0.3991192483215708,0.004502746214616692
2021-02-02,25674407,11,581400,-0.27934054262509284,0.0041583609476914
2021-02-02,25674407,12,649124,-0.19298675354625394,0.004090341374617525
2021-02-02,25674407,13,1063326,-0.5719911204452108,0.0029669809241611353
2021-02-02,25674407,14,753000,-0.15312185300781378,0.004355774203420994
2021-02-02,25674407,15,806605,-0.2933034225134861,0.004356202001669974
2021-02-02,25674407,16,829660,-0.009772807708447882,0.0039835973002822645
2021-02-02,25674407,17,570500,-0.04618864041154471,0.004346608376616415
2021-02-02,25674407,18,852191,-0.3537771065642236,0.002681148517162555
2021-02-02,25674407,19,763776,-0.3733987878648411,0.0029873682639251177
2021-02-02,25674407,20,439600,0.18056831395614487,0.003249616055076772
2021-02-02,25674407,21,488430,0.09560207220237661,0.0025177276386852414
2021-02-02,25674407,22,551930,-0.549769811457022,0.002792191503074755
2021-02-02,25674407,23,667759,-0.18120026300420594,0.0023965913312422875
2021-02-02,25674407,24,981920,-0.12252897811054676,0.002107460022107803
2021-02-03,25021071,0,80200,-0.9596980453551998,0.0021379811218974415
2021-02-03,25021071,1,1786563,-0.3433238638061255,0.0017156665606361148
2021-02-03,25021071,2,1699694,-0.1744838664710238,0.005470554098452041
2021-02-03,25021071,3,1560395,-0.2182499911451058,0.006105651291715014
2021-02-03,25021071,4,2202953,-0.46770077910507446,0.006523461670880967
2021-02-03,25021071,5,952965,-0.40079179784784835,0.007267924925803613
2021-02-03,25021071,6,939807,0.19593430939729048,0.005309670521125498
2021-02-03,25021071,7,1022259,-0.3220996993616654,0.005386808708219834
2021-02-03,25021071,8,548064,0.351739161467024,0.005297539740308644
2021-02-03,25021071,9,660932,0.2075455281503935,0.004505219740004846
2021-02-03,25021071,10,944500,-0.08526161089786485,0.004299722131416573
2021-02-03,25021071,11,880381,-0.44644443519390764,0.0035175476550191147
2021-02-03,25021071,12,1495910,-0.2767886311990029,0.0032556471882890757
2021-02-03,25021071,13,968497,-0.3941472041220142,0.003854849410236608
2021-02-03,25021071,14,1035898,0.09474761633186407,0.0045977594989315305
2021-02-03,25021071,15,962400,0.14134202598208628,0.005364269001886514
2021-02-03,25021071,16,972140,-0.24655070526079936,0.005208864054748545
2021-02-03,25021071,17,864770,-0.06932509653674682,0.005291506682670851
2021-02-03,25021071,18,687862,0.10454489490380446,0.00472055347060939
2021-02-03,25021071,19,1096683,0.008428823134039112,0.0035038375833476255
2021-02-03,25021071,20,709900,0.2872220097296127,0.00393316845416234
2021-02-03,25021071,21,555002,0.11486031354627996,0.0034283807526243053
2021-02-03,25021071,22,668130,0.22281988034002395,0.003517966368266888
2021-02-03,25021071,23,779182,-0.21782612984346383,0.0036360944609332715
2021-02-03,25021071,24,945984,0.3774722892765468,0.003139946129633603
2021-02-04,22310666,0,116851,0.3677555321390938,0.0028356354689122332
2021-02-04,22310666,1,2483725,-0.2627587733340771,0.002397575874687705
2021-02-04,22310666,2,1123925,-0.20346196729762883,0.005635328606857091
2021-02-04,22310666,3,1567619,-0.5381232813453539,0.0058545304840527815
2021-02-04,22310666,4,1542405,-0.6802604015782756,0.006224469768048069
2021-02-04,22310666,5,1174389,-0.28251730462023694,0.006609006703449104
2021-02-04,22310666,6,763150,-0.4961957854877346,0.005001310822135728
2021-02-04,22310666,7,1139900,0.06780200589308974,0.004902592208180953
2021-02-04,22310666,8,1783141,-0.4807340919649652,0.004583152640200873
2021-02-04,22310666,9,753430,-0.39064486562823003,0.004499173839297832
2021-02-04,22310666,10,741473,-0.23054079529948598,0.003556428412069676
2021-02-04,22310666,11,790200,-0.551950140868279,0.004084879247331584
2021-02-04,22310666,12,668300,0.032815264719142936,0.004137800619017064
2021-02-04,22310666,13,885138,-0.5633562662790483,0.0038034228449881345
2021-02-04,22310666,14,610990,-0.2299326179714528,0.00446753943518683
2021-02-04,22310666,15,466900,-0.16326487497062778,0.004049799154066322
2021-02-04,22310666,16,608310,-0.30010161376229205,0.0038474166837248235
2021-02-04,22310666,17,522500,-0.28406456724210133,0.0039000591900156863
2021-02-04,22310666,18,454810,0.09641223417824635,0.003164076912067306
2021-02-04,22310666,19,413646,-0.32035275878220476,0.0027320872958273056
2021-02-04,22310666,20,657594,0.25593498286742594,0.002588262952444398
2021-02-04,22310666,21,850600,-0.2709535384203716,0.0029014799975403023
2021-02-04,22310666,22,645882,-0.2344318810371592,0.0030535499318573587
2021-02-04,22310666,23,716888,-0.18074965218601463,0.003063463063813152
2021-02-04,22310666,24,828900,-0.052169518894369174,0.003158934641723869
2021-02-05,36778093,0,146800,-0.9428571428571428,0.003201454648459823
2021-02-05,36778093,1,1920468,0.011757278113040044,0.00270683502526381
2021-02-05,36778093,2,2209430,-0.16347751833544893,0.005047865794605349
2021-02-05,36778093,3,1854988,0.12311322000455026,0.007151317312633833
2021-02-05,36778093,4,2158899,0.16921206814624756,0.007913720045620224
2021-02-05,36778093,5,1428321,-0.2843163645035951,0.008593138109122744
2021-02-05,36778093,6,1275100,0.184980938686151,0.007767916440835713
2021-02-05,36778093,7,1091031,0.10616018051149753,0.006304405174340095
2021-02-05,36778093,8,854927,-0.07542113554158741,0.005739208700008506
2021-02-05,36778093,9,1031600,0.17799055966606647,0.005240485769689895
2021-02-05,36778093,10,2179000,0.29744834900746836,0.0049669964632892295
2021-02-05,36778093,11,1814066,0.025579407132180026,0.005837646006817642
2021-02-05,36778093,12,882940,-0.010222339503457004,0.006065154127576765
2021-02-05,36778093,13,2445876,-0.07506021836235549,0.006012382349849068
2021-02-05,36778093,14,1603205,-0.3423781537473427,0.008336022394112009
2021-02-05,36778093,15,1516545,-0.43331660364680413,0.0077572168285842584
2021-02-05,36778093,16,1041911,-0.08369717528469826,0.007360318501782298
2021-02-05,36778093,17,2331746,-0.056148907734585495,0.007074442347872991
2021-02-05,36778093,18,1290200,0.22850730043667236,0.005687326595820058
2021-02-05,36778093,19,988020,0.18919510345701396,0.005493891781348933
2021-02-05,36778093,20,754758,0.20384070074686916,0.006024253306959385
2021-02-05,36778093,21,1143230,-0.09371982766620235,0.0062597205503932074
2021-02-05,36778093,22,1369111,0.3561830270365748,0.004875772798308413
2021-02-05,36778093,23,1845308,0.06107316681278767,0.004506005994911798
2021-02-05,36778093,24,1600613,0.023137076605621528,0.0040975718405333724
2021-02-08,28304556,0,109500,0.782608695652174,0.003966663524916779
2021-02-08,28304556,1,2892527,-0.26431302506604487,0.0035259099708597782
2021-02-08,28304556,2,2615330,-0.044313385354266564,0.006583685786437332
2021-02-08,28304556,3,1639172,-0.11836132698902026,0.008135277585843695
2021-02-08,28304556,4,1041756,-0.12400525306101036,0.008228048218038419
2021-02-08,28304556,5,937290,0.007686064503907081,0.008786899596102201
2021-02-08,28304556,6,835930,0.33098317053251525,0.006856355423921181
2021-02-08,28304556,7,928400,0.15694499993887387,0.004777015029282545
2021-02-08,28304556,8,1060880,0.24044861645879334,0.005490317087719962
2021-02-08,28304556,9,862100,0.04271543663240233,0.005154288301941398
2021-02-08,28304556,10,568615,-9.581166680349651e-05,0.005274570514406788
2021-02-08,28304556,11,496700,-0.592038932797409,0.0056976512950494065
2021-02-08,28304556,12,379000,0.12710292388592545,0.004950808375905743
2021-02-08,28304556,13,1417916,-0.3193617847268984,0.004622439487761559
2021-02-08,28304556,14,1372825,0.08324548330426372,0.0064915140536051024
2021-02-08,28304556,15,2140748,0.18811222588642426,0.005803478636490765
2021-02-08,28304556,16,1049763,-0.08307470403864288,0.007500220052768899
2021-02-08,28304556,17,724080,-0.11705186413307746,0.007531714426699539
2021-02-08,28304556,18,528204,0.08720665828376817,0.006133118989686796
2021-02-08,28304556,19,464059,-0.0029546999151233654,0.006385643519634394
2021-02-08,28304556,20,1137457,-0.18778820488339157,0.004018011947965803
2021-02-08,28304556,21,1272929,0.10522108108203972,0.004283518629343547
2021-02-08,28304556,22,1139294,0.16833647426041917,0.0048932183130131635
2021-02-08,28304556,23,742884,0.13889052627636275,0.004713553112073997
2021-02-08,28304556,24,1947197,-0.1694916853644577,0.004770264531652713
2021-02-09,32630019,0,161600,0.8059701492537313,0.004675521117138653
2021-02-09,32630019,1,4342720,-0.2406915257103903,0.003303466587748123
2021-02-09,32630019,2,2007262,0.14970509458724596,0.00886329155895663
2021-02-09,32630019,3,1608641,0.09976998092576522,0.009831277956774678
2021-02-09,32630019,4,1680996,-0.32863837816500063,0.010563540770963888
2021-02-09,32630019,5,1245233,-0.45681671141398683,0.011332969000888371
2021-02-09,32630019,6,1768900,0.3632699723070227,0.008389982160458696
2021-02-09,32630019,7,2086735,-0.3129508515340606,0.00736921056062586
2021-02-09,32630019,8,1293374,-0.5294445381246401,0.007035764634172029
2021-02-09,32630019,9,903260,0.008952252644336356,0.005933793010541003
2021-02-09,32630019,10,848925,-0.28789799559826773,0.005237954197303051
2021-02-09,32630019,11,833026,-0.1869668716828886,0.005414709112481083
2021-02-09,32630019,12,665300,0.0848916476018574,0.004743237591333598
2021-02-09,32630019,13,807798,-0.2698072993399423,0.004759452463620212
2021-02-09,32630019,14,894676,-0.2338374170830488,0.004262219255916326
2021-02-09,32630019,15,898200,-0.4693681519045142,0.004162563954613078
2021-02-09,32630019,16,766436,0.014581516382274855,0.003539673427613837
2021-02-09,32630019,17,807802,-0.06454914634991334,0.0035260685337159593
2021-02-09,32630019,18,618330,0.19903998736584608,0.0037635587290896235
2021-02-09,32630019,19,586372,0.19270948876034055,0.0030968229286016634
2021-02-09,32630019,20,759311,-0.6530861280211134,0.0028640175809759444
2021-02-09,32630019,21,968735,-0.3297116626211019,0.0027524387561375595
2021-02-09,32630019,22,1656199,-0.22895463721986964,0.0022902309549254264
2021-02-09,32630019,23,1972449,-0.1133233120021347,0.002910482334234481
2021-02-09,32630019,24,2447739,-0.24335713915037357,0.003458009639440705
2021-02-10,34139500,0,228300,-0.7630331753554502,0.004002913804477546
2021-02-10,34139500,1,4159281,0.40774436453884194,0.0038884191274455634
2021-02-10,34139500,2,2015022,-0.14020624136070176,0.008081508412849266
2021-02-10,34139500,3,4253592,0.1907051775332755,0.009126209700656189
2021-02-10,34139500,4,3024442,0.06415446816957261,0.01236237791429785
2021-02-10,34139500,5,2522120,0.2454291184938693,0.013747142102846461
2021-02-10,34139500,6,1559602,-0.4051083114621792,0.012047964300161425
2021-02-10,34139500,7,1781464,0.005720051181078232,0.011464848826957029
2021-02-10,34139500,8,984950,-0.2757546631646694,0.00826072313947721
2021-02-10,34139500,9,1219724,0.4907341793867328,0.006021862916282109
2021-02-10,34139500,10,818871,0.23837510023732916,0.0056556640375982166
2021-02-10,34139500,11,951613,0.2005993599252939,0.005447297424391642
2021-02-10,34139500,12,1823676,0.039836514543847935,0.004867838828760619
2021-02-10,34139500,13,1124103,0.077943834097945,0.007360346920441222
2021-02-10,34139500,14,634270,-0.055099202995943494,0.008855058171474858
2021-02-10,34139500,15,596600,-0.13377314081394548,0.008508939564228876
2021-02-10,34139500,16,789330,-0.20256019144343262,0.008284322807172229
2021-02-10,34139500,17,403358,0.18726259724208072,0.006052032541152712
2021-02-10,34139500,18,397933,0.42139925904394177,0.002788357583354096
2021-02-10,34139500,19,775468,0.17393732126293107,0.002699650787808757
2021-02-10,34139500,20,813150,-0.09169821843617412,0.0038497633759187826
2021-02-10,34139500,21,653788,0.2786815542412725,0.004960500637433999
2021-02-10,34139500,22,613170,-0.3710852331146272,0.005287775270010129
2021-02-10,34139500,23,858900,-0.1912776897042517,0.005552386671449387
2021-02-10,34139500,24,1136773,-0.24870002712366743,0.005036228364013284
2021-02-18,28380392,0,433591,-0.9472564317493068,0.003877700122409636
2021-02-18,28380392,1,3838047,-0.2042674157899361,0.0032138281170298144
2021-02-18,28380392,2,1517370,-0.020449878614867703,0.008623405989423853
2021-02-18,28380392,3,1068150,0.2634777983937349,0.009269843077718201
2021-02-18,28380392,4,2255030,-0.23086582493501379,0.009524930773968324
2021-02-18,28380392,5,1311145,-0.2877537888941791,0.011046924781960671
2021-02-18,28380392,6,2209085,-0.39613629968401454,0.007750829297959901
2021-02-18,28380392,7,2165752,0.1989830686244988,0.007317395978033706
2021-02-18,28380392,8,1116454,0.43455661404828855,0.007094502389896427
2021-02-18,28380392,9,575787,-0.09296686345383763,0.005051948099211011
2021-02-18,28380392,10,743322,-0.32277228876223313,0.005245365679267125
2021-02-18,28380392,11,882231,-0.08297425754114447,0.004577306305709182
2021-02-18,28380392,12,937547,-0.102599902181953,0.004863723531577517
2021-02-18,28380392,13,1439096,-0.34113453965074747,0.0051049660360738235
2021-02-18,28380392,14,930083,-0.014552643200640099,0.005968759716841189
2021-02-18,28380392,15,788430,-0.19464615536641655,0.005861306264895041
2021-02-18,28380392,16,784700,0.0006560188256564914,0.005726280520205007
2021-02-18,28380392,17,506434,-0.4934894369179195,0.005191667012328111
2021-02-18,28380392,18,774202,-0.18065776830914332,0.0033032746449832436
2021-02-18,28380392,19,537000,0.04224562311635944,0.004023522448077712
2021-02-18,28380392,20,836032,0.27374201456192676,0.0035304263757891655
2021-02-18,28380392,21,518230,0.21425354903567562,0.0032529737079188487
2021-02-18,28380392,22,644228,-0.16841385430113442,0.0036009718615616776
2021-02-18,28380392,23,586726,-0.06887691710102734,0.0031472828699486166
2021-02-18,28380392,24,981720,0.11739085826010513,0.0031703746983546646
2021-02-19,25069870,0,123700,0.46153846153846156,0.003039684656644157
2021-02-19,25069870,1,2424579,-0.02808665754568023,0.0023993225415176035
2021-02-19,25069870,2,2093975,-0.06384957735531549,0.004930402813595688
2021-02-19,25069870,3,1221663,-0.21297594341610226,0.00877341243562171
2021-02-19,25069870,4,1501258,0.0757297957143694,0.009263866447865294
2021-02-19,25069870,5,2004118,-0.3421520699295741,0.0101135520423986
2021-02-19,25069870,6,1828853,0.10696037134974999,0.010132813145155729
2021-02-19,25069870,7,737940,-0.4036020005931423,0.008447087094829015
2021-02-19,25069870,8,826611,-0.35963932545378713,0.008454598058974036
2021-02-19,25069870,9,887338,0.3160332977718407,0.00766575578571973
2021-02-19,25069870,10,894486,-0.23755097182837445,0.00702971795662878
2021-02-19,25069870,11,875113,0.146037977964077,0.006765371625864558
2021-02-19,25069870,12,403000,0.12114540896494772,0.006504285513075674
2021-02-19,25069870,13,459000,-0.12781866844539447,0.006540041172460349
2021-02-19,25069870,14,1043939,-0.19770699752712276,0.00548030744520555
2021-02-19,25069870,15,820100,-0.14086661086902183,0.004520372302154359
2021-02-19,25069870,16,860050,-0.16771724281782882,0.004070898914130583
2021-02-19,25069870,17,1115851,-0.23260061372826343,0.005592674680196276
2021-02-19,25069870,18,629089,0.10271684396762908,0.008411840324960524
2021-02-19,25069870,19,488289,-0.11148348098101443,0.008029234625962653
2021-02-19,25069870,20,660435,-0.07968762189461588,0.007954567286547289
2021-02-19,25069870,21,901055,-0.3246359775764761,0.006808059325099384
2021-02-19,25069870,22,678790,-0.17323575608629288,0.003219041067722573
2021-02-19,25069870,23,770765,-0.04975508742497461,0.004114176606626267
2021-02-19,25069870,24,819873,-0.004041893742169288,0.004292145720466777
2021-02-22,36478167,0,123500,-0.8084291187739464,0.0043415132084802825
2021-02-22,36478167,1,3842648,-0.3948060929887874,0.0037911006498366137
2021-02-22,36478167,2,6671966,-0.5049932642757821,0.011088745220480896
2021-02-22,36478167,3,2714041,-0.020335449812357877,0.015028577071759412
2021-02-22,36478167,4,1361111,-0.4995530131776732,0.017161539023105014
2021-02-22,36478167,5,815743,-0.048831477454856526,0.01744052158072557
2021-02-22,36478167,6,797068,-0.15340154732256467,0.013975180427128418
2021-02-22,36478167,7,742000,-0.19260662399355835,0.009786248795768317
2021-02-22,36478167,8,846400,0.1155186738247843,0.005439870444995844
2021-02-22,36478167,9,1462671,0.0450192669147638,0.00476220208865459
2021-02-22,36478167,10,879580,-0.05330967046784917,0.004355208229679008
2021-02-22,36478167,11,915044,-0.3786448652741308,0.004086936865273917
2021-02-22,36478167,12,771427,-0.3278414634670177,0.004145716241874409
2021-02-22,36478167,13,1185039,-0.005957821868650202,0.0043667569091437935
2021-02-22,36478167,14,1461967,-0.3169122848388987,0.004381767552059209
2021-02-22,36478167,15,1124289,0.03787195928981033,0.004523739459983358
2021-02-22,36478167,16,754900,0.04347530940473312,0.005386579852876037
2021-02-22,36478167,17,1193562,-0.04084000770230223,0.005114840991995523
2021-02-22,36478167,18,1427547,-0.1338835079325547,0.005175255608049885
2021-02-22,36478167,19,1408915,-0.57751933777828,0.005487928104519996
2021-02-22,36478167,20,1078781,-0.03060572611513561,0.004940298364474009
2021-02-22,36478167,21,1081618,-0.13210949709652192,0.005160837050211753
2021-02-22,36478167,22,1097244,0.09666887872515596,0.005332475189843107
2021-02-22,36478167,23,904500,-0.23911706064298144,0.005551642062080383
2021-02-22,36478167,24,1816606,-0.07592428438908971,0.0049887325034679905
2021-02-23,25959968,0,199500,-0.9922570654277971,0.006051046936650194
2021-02-23,25959968,1,3655173,-0.2182852799349516,0.005331385290666049
2021-02-23,25959968,2,2198349,-0.2503204858121877,0.00899962941916214
2021-02-23,25959968,3,2896282,-0.08392093101348967,0.00963827078388864
2021-02-23,25959968,4,1593999,-0.05759311640641197,0.013609047340207242
2021-02-23,25959968,5,1104543,-0.08586913797509868,0.015589014413502238
2021-02-23,25959968,6,979260,-0.24834712901041453,0.01359176173321996
2021-02-23,25959968,7,702407,0.21321940337709144,0.013512492381885658
2021-02-23,25959968,8,660900,0.26291022721040275,0.009116799395045451
2021-02-23,25959968,9,751325,0.004051818488864552,0.005664700973775991
2021-02-23,25959968,10,545950,-0.1764654117502015,0.005447892604931345
2021-02-23,25959968,11,732000,-0.26862611645172424,0.004726148905610752
2021-02-23,25959968,12,502600,-0.39491073387278863,0.004437630457159378
2021-02-23,25959968,13,818262,0.06541745341130811,0.003972979614298229
2021-02-23,25959968,14,555700,0.2862976337657279,0.005011574060237359
2021-02-23,25959968,15,680846,-0.3009915221935729,0.005122841375074559
2021-02-23,25959968,16,489550,-0.2847695602465943,0.005040928187612371
2021-02-23,25959968,17,624492,0.08265050629516528,0.005228569262245
2021-02-23,25959968,18,717628,-0.06564153525206697,0.004417280191235786
2021-02-23,25959968,19,903000,-0.016899380255520194,0.0040381871185441
2021-02-23,25959968,20,1146660,-0.05151998849000623,0.0035288261619555016
2021-02-23,25959968,21,834284,-0.054331185008512965,0.003351643297581609
2021-02-23,25959968,22,826857,-0.0555938576229559,0.003950402853638436
2021-02-23,25959968,23,956600,-0.05442438567611912,0.003985666093499442
2021-02-23,25959968,24,883801,-0.19883523276065262,0.003948563973787831
2021-02-24,53721945,0,139089,0.6086105675146771,0.004264924771899964
2021-02-24,53721945,1,2673488,-0.16456310614042724,0.0031663968917148345
2021-02-24,53721945,2,2668434,-0.23648538926979798,0.006628671936450131
2021-02-24,53721945,3,4900567,-0.2638923373085374,0.007860853679552086
2021-02-24,53721945,4,2490798,-0.0483652845983656,0.009342596998606255
2021-02-24,53721945,5,1554278,0.09568488713482087,0.009860877212411657
2021-02-24,53721945,6,2562011,-0.10160311483600924,0.008236551834029934
2021-02-24,53721945,7,3120423,-0.3548819183648515,0.008375862470066622
2021-02-24,53721945,8,2186918,-0.27221776542274845,0.006588771117629149
2021-02-24,53721945,9,3201932,0.22644108608793082,0.006465472538451084
2021-02-24,53721945,10,2222671,0.2155147755413949,0.0068285306202910965
2021-02-24,53721945,11,1707151,0.07351978392195661,0.0060823798174856275
2021-02-24,53721945,12,1181594,-0.10443456190019872,0.007876901195056867
2021-02-24,53721945,13,1823770,0.04333295258993297,0.0078248644057906
2021-02-24,53721945,14,2111351,-0.373326827843384,0.007293292787873851
2021-02-24,53721945,15,1420508,-0.05595454590623826,0.006926434414960586
2021-02-24,53721945,16,2277768,0.16715442521301452,0.004661538192738178
2021-02-24,53721945,17,1855407,-0.3659747704066138,0.00635826496062719
2021-02-24,53721945,18,2750640,-0.12719538891253135,0.007160297536270695
2021-02-24,53721945,19,2164013,-0.1056662831041653,0.007588575552041361
2021-02-24,53721945,20,2659723,-0.36361314889832985,0.007835567059597147
2021-02-24,53721945,21,2203136,-0.12970292373516676,0.006445944206563117
2021-02-24,53721945,22,1514219,0.1711971150512364,0.007162541499993271
2021-02-24,53721945,23,1183240,-0.031218771105962582,0.007861472886097474
2021-02-24,53721945,24,1148816,-0.07088437395487207,0.007634322227329798
2021-02-25,37365533,0,157850,-0.5483870967741935,0.007458358177161513
2021-02-25,37365533,1,4487612,0.2955667571243703,0.005551433838501554
2021-02-25,37365533,2,2541862,0.06216677829104198,0.005945294960380696
2021-02-25,37365533,3,1255715,-0.054472790381129156,0.0075559129660510566
2021-02-25,37365533,4,2977586,0.36263254466823314,0.007899519742262483
2021-02-25,37365533,5,2448627,0.24870578306237529,0.010372128397985046
2021-02-25,37365533,6,1366345,-0.10992881218290247,0.009786072524823735
2021-02-25,37365533,7,1114732,0.08030892690379521,0.009230694439830751
2021-02-25,37365533,8,1153950,0.1197472926380367,0.00966134257308357
2021-02-25,37365533,9,1361350,0.23629802119718732,0.007273839201264154
2021-02-25,37365533,10,706186,0.2782928454850653,0.006296665012138977
2021-02-25,37365533,11,782331,-0.1184631337881435,0.005230992161346132
2021-02-25,37365533,12,625400,-0.0007669687300896985,0.0036047269136360483
2021-02-25,37365533,13,1149074,0.29151060502317083,0.0032849884030704615
2021-02-25,37365533,14,1027300,0.5569041783721081,0.003554195246341221
2021-02-25,37365533,15,1148539,-0.14920340561397114,0.0037780912051769045
2021-02-25,37365533,16,1445650,-0.258318376743563,0.004021562785144286
2021-02-25,37365533,17,1555189,0.2956311401315368,0.004080271776153033
2021-02-25,37365533,18,1498900,-0.1647411709386497,0.004131712250202972
2021-02-25,37365533,19,1526310,-0.1469423744133367,0.005489935883558637
2021-02-25,37365533,20,1529430,-0.15918092845289833,0.0058494738292475534
2021-02-25,37365533,21,1118600,-0.08372306419084058,0.006405701162587557
2021-02-25,37365533,22,1361963,-0.3810973066121403,0.0061583932825311945
2021-02-25,37365533,23,1568342,-0.23741036462187762,0.005174993250711383
2021-02-25,37365533,24,1456690,-0.18800742092782358,0.004837840926049565
2021-02-26,41261235,0,390100,-0.9807733903722752,0.005192342097823893
2021-02-26,41261235,1,6428875,-0.31528700771079543,0.005027802854550861
2021-02-26,41261235,2,2780153,-0.2791600345413862,0.014301122797270728
2021-02-26,41261235,3,2409310,0.20525750572703233,0.01542157544285723
2021-02-26,41261235,4,2077700,-0.0349855098532142,0.015784485058483105
2021-02-26,41261235,5,1664285,-0.2710082398408629,0.016989505131120873
2021-02-26,41261235,6,1190630,-0.14739084048380907,0.011352777578994543
2021-02-26,41261235,7,1226230,0.18299273677618658,0.010370489834490182
2021-02-26,41261235,8,2360955,-0.22051813881999935,0.010411105604961194
2021-02-26,41261235,9,2021100,-0.22209409789513382,0.009657337980312862
2021-02-26,41261235,10,2315321,-0.1589581499511716,0.00869994055533254
2021-02-26,41261235,11,1595192,-0.1713181874526729,0.008220881312830343
2021-02-26,41261235,12,1427237,-0.208740782304581,0.0074468450989137866
2021-02-26,41261235,13,1979056,-0.006025528782308934,0.006416559816077549
2021-02-26,41261235,14,2073596,-0.24074729869276126,0.007608614984956694
2021-02-26,41261235,15,1096058,-0.18495924639583222,0.008849750858021959
2021-02-26,41261235,16,1051171,-0.038289365615988356,0.008681982313789813
2021-02-26,41261235,17,989809,-0.19025367509879562,0.00835816614442392
2021-02-26,41261235,18,493460,-0.12840723104727803,0.00795549938412682
2021-02-26,41261235,19,1023317,0.40917785157263986,0.006033554893016884
2021-02-26,41261235,20,902820,0.24983086631605828,0.007143739771437137
2021-02-26,41261235,21,881130,-0.2109214833943832,0.00707523588452598
2021-02-26,41261235,22,725954,-0.009810120612887701,0.006008799999079718
2021-02-26,41261235,23,897639,-0.23105702906173975,0.006825292648588864
2021-02-26,41261235,24,1260137,0.10444471149243904,0.004868797143779478
2021-03-01,63857225,0,235045,0.9929713582850114,0.00470227342650444
2021-03-01,63857225,1,5575274,-0.09660080948186621,0.004185206922417902
2021-03-01,63857225,2,7330371,0.014155468954456926,0.013320458149768686
2021-03-01,63857225,3,4948030,-0.114790876205831,0.018635701221562023
2021-03-01,63857225,4,3371985,-0.06805807884555251,0.019313368904320175
2021-03-01,63857225,5,2125423,-0.5843492826520491,0.020346353462314417
2021-03-01,63857225,6,2064117,-0.2798981833821352,0.015695850103736662
2021-03-01,63857225,7,2227568,-0.43353704336366594,0.009415184077779906
2021-03-01,63857225,8,2893637,-0.23215512945194555,0.008281833820745406
2021-03-01,63857225,9,3157391,-0.6319048611718138,0.006552160847541241
2021-03-01,63857225,10,4173303,-0.5234845610842155,0.006913893162547765
2021-03-01,63857225,11,3428263,-0.3229775294901705,0.006655413026133489
2021-03-01,63857225,12,3566392,0.048583391830661994,0.007079596763982366
2021-03-01,63857225,13,2167883,-0.19577468916116963,0.007562187711109081
2021-03-01,63857225,14,1505840,0.17384717071323041,0.007783813503451836
2021-03-01,63857225,15,1526636,-0.25615121264076196,0.007197149236506419
2021-03-01,63857225,16,1222098,-0.01528464015268763,0.0063101935483116005
2021-03-01,63857225,17,1274550,-0.4127477551419878,0.004463431664726596
2021-03-01,63857225,18,1327225,-0.11039916721530339,0.00289783817731569
2021-03-01,63857225,19,1340682,0.0017957089237721085,0.0030790066835581806
2021-03-01,63857225,20,1918259,0.028091362469788335,0.003897486078968107
2021-03-01,63857225,21,1222228,-0.0947549173397891,0.004968479434719599
2021-03-01,63857225,22,1393900,-0.34386577521562656,0.005116224133054902
2021-03-01,63857225,23,1808875,-0.05013425043288159,0.004993426778665007
2021-03-01,63857225,24,2052250,0.1146407030232713,0.004380078383741705
2021-03-02,52389180,0,407914,0.8597475455820477,0.0034986343068725864
2021-03-02,52389180,1,7830140,-0.012349812151089015,0.002901954773490207
2021-03-02,52389180,2,4231040,0.037297855925262094,0.006991935056005955
2021-03-02,52389180,3,2900985,-0.02638965094876756,0.01047952130569394
2021-03-02,52389180,4,2041326,0.1837980814154018,0.01053632673033774
2021-03-02,52389180,5,1768434,0.011761066021502854,0.010920062475650822
2021-03-02,52389180,6,1710833,-0.2325109294795388,0.009216921647374277
2021-03-02,52389180,7,1063020,0.23959715615718744,0.00613864403425269
2021-03-02,52389180,8,1250767,0.06628568712286165,0.0057963471385303325
2021-03-02,52389180,9,954191,0.0777349276882071,0.005367793579526262
2021-03-02,52389180,10,950907,-0.021118252212513147,0.004809821634948321
2021-03-02,52389180,11,1236045,0.4341028140453835,0.0035319248313349207
2021-03-02,52389180,12,1849679,0.01785892551085876,0.004448085540102149
2021-03-02,52389180,13,1618482,-0.07986546082527039,0.004591374454265009
2021-03-02,52389180,14,2714273,-0.13833887705545256,0.004863288449032235
2021-03-02,52389180,15,2986280,-0.13724880599123493,0.00500532871841213
2021-03-02,52389180,16,3619116,-0.04519459619963113,0.005169854409247088
2021-03-02,52389180,17,2315240,-0.10064582273583898,0.005533677125303215
2021-03-02,52389180,18,1614383,0.0220252818353399,0.005493663566466251
2021-03-02,52389180,19,1232370,-0.17890962054572265,0.005106204254088746
2021-03-02,52389180,20,1784985,0.3320659644423737,0.004235093391595683
2021-03-02,52389180,21,2191608,0.3371454632733644,0.0033258449788160114
2021-03-02,52389180,22,1643186,-0.2813408985996916,0.003318612103810471
2021-03-02,52389180,23,1320205,0.2746821764083495,0.0035592940812867835
2021-03-02,52389180,24,1153771,-0.008866259697889713,0.00413642905079952
2021-03-03,29174747,0,159900,-0.5708154506437768,0.004069242276787766
2021-03-03,29174747,1,4336597,-0.00928293830116853,0.003472644377728839
2021-03-03,29174747,2,2180148,-0.16253305808412377,0.006522969440853403
2021-03-03,29174747,3,1906010,0.1492140433623512,0.007116373702784708
2021-03-03,29174747,4,1612006,0.19696821939708614,0.007573893436310074
2021-03-03,29174747,5,1393055,0.03698780059085623,0.008822972141153091
2021-03-03,29174747,6,825065,-0.2916628599208174,0.007425384765599207
2021-03-03,29174747,7,823909,-0.04986485366545779,0.006632558448018444
2021-03-03,29174747,8,843715,-0.03338345133255149,0.006785786685135608
2021-03-03,29174747,9,691470,0.2616826754822679,0.005386452642596419
2021-03-03,29174747,10,863150,-0.05607123986803071,0.004398075745063727
2021-03-03,29174747,11,605250,-0.03640618621333747,0.004216856049695665
2021-03-03,29174747,12,990940,0.07476077641796679,0.003452839923050912
2021-03-03,29174747,13,768230,-0.13710253132692887,0.003520930567521453
2021-03-03,29174747,14,882322,-0.016664977437014207,0.0035040903445727437
2021-03-03,29174747,15,622304,-0.12048058017651586,0.0036143346320975534
2021-03-03,29174747,16,648323,-0.1791161746451011,0.003142556743654236
2021-03-03,29174747,17,1010777,0.014133172184819923,0.00264329497946033
2021-03-03,29174747,18,1125700,-0.3298625585913451,0.00260617045201339
2021-03-03,29174747,19,988495,-0.478811141269997,0.0021950362745377567
2021-03-03,29174747,20,1795817,-0.2023788236371728,0.0024708858781511554
2021-03-03,29174747,21,1114470,-0.2327200363038059,0.0032009595696688054
2021-03-03,29174747,22,625710,-0.15782530522740867,0.0036942318349730816
2021-03-03,29174747,23,928295,0.02566459283677036,0.003521337929757155
2021-03-03,29174747,24,1433089,0.41187413000615014,0.003416992993364636
2021-03-04,53611271,0,241200,-0.9912023460410557,0.0028096588026159095
2021-03-04,53611271,1,8228428,-0.06278654771684514,0.0018102213159690865
2021-03-04,53611271,2,3756764,-0.09387108515944857,0.013213078391830425
2021-03-04,53611271,3,2387030,-0.5550971459444283,0.013850804491414367
2021-03-04,53611271,4,1299148,-0.015215746698373488,0.014094807198009339
2021-03-04,53611271,5,1876810,0.1497832108808425,0.014248367178768448
2021-03-04,53611271,6,1229538,-0.06200057848176515,0.006098714502544537
2021-03-04,53611271,7,2091311,-0.05008472307233157,0.004535498362381577
2021-03-04,53611271,8,1309617,-0.40634881053566024,0.00452463474732536
2021-03-04,53611271,9,1023543,0.1115714394325511,0.005409536073126233
2021-03-04,53611271,10,2993646,-0.27856459645680737,0.005937559742820735
2021-03-04,53611271,11,3070374,-0.07046497992681129,0.006151214630346411
2021-03-04,53611271,12,2135693,-0.3514372493870901,0.006403794529451992
2021-03-04,53611271,13,2062006,-0.38817196373764157,0.005737464730777481
2021-03-04,53611271,14,1499160,-0.31191796341423217,0.0052759495113907165
2021-03-04,53611271,15,1498077,-0.23768559496699135,0.005243793536509562
2021-03-04,53611271,16,2062029,0.04849195338199736,0.004609073960297717
2021-03-04,53611271,17,1784950,-0.273411297418307,0.004700925838884778
2021-03-04,53611271,18,2111483,-0.3881907030696471,0.004337792907067872
2021-03-04,53611271,19,1949523,-0.06815837960581471,0.004668011830921859
2021-03-04,53611271,20,1238419,0.3498903617237539,0.004583002584665841
2021-03-04,53611271,21,1590892,-0.1810900468046348,0.004197054038824753
2021-03-04,53611271,22,1681221,-0.38475333900341746,0.004308609751341435
2021-03-04,53611271,23,2535576,-0.01978296199024337,0.003839719629256025
2021-03-04,53611271,24,1954833,0.1090651185743976,0.004180735524525236
2021-03-05,43938230,0,418254,0.8705166386119384,0.003923571153802351
2021-03-05,43938230,1,5709815,0.10021420400323437,0.0033096746370775715
2021-03-05,43938230,2,3042957,-0.22399011880215924,0.008189153687601146
2021-03-05,43938230,3,3858727,0.048459915839400965,0.010022686592286946
2021-03-05,43938230,4,3436749,0.008583070244002919,0.011071681686600499
2021-03-05,43938230,5,2866689,0.02642099435753963,0.011331429401695485
2021-03-05,43938230,6,2110928,0.026366517256091536,0.009939473364169333
2021-03-05,43938230,7,1503940,-0.16551854143530623,0.009736649835226966
2021-03-05,43938230,8,1457429,-0.2032744968245772,0.00914425269637517
2021-03-05,43938230,9,1791020,-0.06583967888261706,0.00924367662491332
2021-03-05,43938230,10,1299572,0.1164648027835018,0.00818419272746094
2021-03-05,43938230,11,993960,0.1464544762326961,0.006150437494066228
2021-03-05,43938230,12,806916,-0.010985438085454867,0.005901006734894508
2021-03-05,43938230,13,672108,0.1619869880239033,0.00533703332665675
2021-03-05,43938230,14,1191220,-0.3452387659906367,0.004925367806635531
2021-03-05,43938230,15,856490,-0.13423814037339965,0.004471202660722082
2021-03-05,43938230,16,692270,-0.08456816304030451,0.0035978739634609297
2021-03-05,43938230,17,753200,-0.2749383716551627,0.004139373353254541
2021-03-05,43938230,18,1108814,0.298390825217904,0.003440612824459701
2021-03-05,43938230,19,1716279,-0.08386390985450816,0.004982657202595004
2021-03-05,43938230,20,1277130,0.0856597473287437,0.005237963260640822
2021-03-05,43938230,21,952126,-0.12469271788918435,0.005088516690820764
2021-03-05,43938230,22,1386418,-0.3441321714688088,0.00553609231287826
2021-03-05,43938230,23,2094677,0.036603021919691045,0.004349911417745748
2021-03-05,43938230,24,1940542,-0.043306036061879265,0.0042778552563132255
2021-03-08,66191860,0,274987,0.39244900911326486,0.004358548480818967
2021-03-08,66191860,1,3739748,-0.09589007024060786,0.003491206222142895
2021-03-08,66191860,2,6477538,0.13584152784647427,0.0064197896053551145
2021-03-08,66191860,3,2864370,-0.050592535155362835,0.009782527496907585
2021-03-08,66191860,4,2343948,0.002831341666331863,0.01091500308451224
2021-03-08,66191860,5,2284223,-0.17800744511838246,0.01112598095354102
2021-03-08,66191860,6,3350803,-0.29542859261101956,0.009905004281295225
2021-03-08,66191860,7,2535774,-0.06562884825059068,0.007259457269880636
2021-03-08,66191860,8,3179835,-0.2984342656739814,0.0056419474881338715
2021-03-08,66191860,9,2304934,0.3706358086097772,0.006423306260943343
2021-03-08,66191860,10,1674088,-0.13224087035458598,0.006756937316988845
2021-03-08,66191860,11,2795301,0.04753681610814451,0.006393498736823563
2021-03-08,66191860,12,1874936,0.010597622555233437,0.007220296688582604
2021-03-08,66191860,13,2508942,0.05298020462137461,0.006613594679868986
2021-03-08,66191860,14,2797250,-0.2360859231512586,0.00806003411656545
2021-03-08,66191860,15,2288106,-0.28072369405963005,0.008230886772365957
2021-03-08,66191860,16,2623442,0.06896758358686828,0.007329512778720125
2021-03-08,66191860,17,1739798,-0.032846067087446855,0.007834899574951626
2021-03-08,66191860,18,1850234,-0.48634651075769625,0.0062186451578170035
2021-03-08,66191860,19,2729815,0.14126154436741584,0.005650416928889973
2021-03-08,66191860,20,2520058,0.31089328777122544,0.005467899609282802
2021-03-08,66191860,21,3790035,-0.45778247229310504,0.005679195826796688
2021-03-08,66191860,22,2272703,-0.00610203638365634,0.005381492415919142
2021-03-08,66191860,23,2899760,-0.26040952415075175,0.005674118589466309
2021-03-08,66191860,24,2471232,0.14143709727848408,0.005846779082045673
2021-03-09,66145826,0,609585,0.9934110282913973,0.004579228136696532
2021-03-09,66145826,1,10699506,-0.11250661794844675,0.0037127935437871293
2021-03-09,66145826,2,4326293,0.13783705936598273,0.009533415906529511
2021-03-09,66145826,3,6643384,-0.09116251262832868,0.010072365214088542
2021-03-09,66145826,4,4414122,-0.10415215568206923,0.012264253415621667
2021-03-09,66145826,5,3015525,0.07250578119057796,0.014289950416190815
2021-03-09,66145826,6,2568602,0.5279127029388723,0.011607173193748661
2021-03-09,66145826,7,1860472,-0.41122403504380683,0.012348503290147314
2021-03-09,66145826,8,1224930,-0.004525899904207412,0.01077119494101163
2021-03-09,66145826,9,1521712,-0.08718719132845693,0.008283124317578848
2021-03-09,66145826,10,1915460,0.3755915176145407,0.008569111678561477
2021-03-09,66145826,11,2424840,0.09028646907594162,0.007106826064902893
2021-03-09,66145826,12,2363137,-0.26767765440219843,0.007420333116102905
2021-03-09,66145826,13,2600505,-0.29954120564636705,0.008347144860660141
2021-03-09,66145826,14,1212425,-0.22419710029380974,0.009569074469124394
2021-03-09,66145826,15,1312448,-0.08477930163832129,0.00953755592387628
2021-03-09,66145826,16,1378760,-0.16726558002696748,0.009021100974581725
2021-03-09,66145826,17,1617118,-0.034991404040992394,0.008564173548296687
2021-03-09,66145826,18,1688674,0.09277671933767823,0.006278350310884514
2021-03-09,66145826,19,1359271,-0.2063832951315267,0.006033562115853118
2021-03-09,66145826,20,1883857,-0.21949019129415634,0.005481722981409647
2021-03-09,66145826,21,2072912,-0.3848947241831024,0.00483129616833538
2021-03-09,66145826,22,1803687,-0.27373716970242157,0.0043720757436080965
2021-03-09,66145826,23,3095261,-0.006499966997809673,0.004049417921831059
2021-03-09,66145826,24,2533340,0.1399680657560568,0.004234895437088833
2021-03-10,68934811,0,1526700,-0.4745977388938406,0.00379987303563865
2021-03-10,68934811,1,15513312,-0.26314260556449404,0.0033724384852436124
2021-03-10,68934811,2,4907899,0.16616128563253998,0.00863864093758455
2021-03-10,68934811,3,6125776,0.014607665534495946,0.009663615575267803
2021-03-10,68934811,4,2893692,0.09986604996735395,0.01059943957730346
2021-03-10,68934811,5,2674899,-0.09201123183254192,0.010778386570756237
2021-03-10,68934811,6,2910349,0.19002233851247144,0.00762760500839473
2021-03-10,68934811,7,1694268,-0.12302281578499505,0.0068550938467851815
2021-03-10,68934811,8,2271482,0.09684010332529645,0.0053504846760987065
2021-03-10,68934811,9,4460630,0.12646857205390352,0.007821276178607747
2021-03-10,68934811,10,2382428,-0.35251166035132386,0.007664285308049393
2021-03-10,68934811,11,2604406,0.05966288666731646,0.0071188176527641565
2021-03-10,68934811,12,1755138,0.04347442050700664,0.007448209439037142
2021-03-10,68934811,13,2212313,-0.07613410862854883,0.005744687207583297
2021-03-10,68934811,14,1483402,-0.27292932318260654,0.00882746111365455
2021-03-10,68934811,15,1229611,-0.10447389493844146,0.008762955944385092
2021-03-10,68934811,16,1294878,-0.09272611557430348,0.008569025608509306
2021-03-10,68934811,17,1196215,0.1877886368426288,0.007994162748463077
2021-03-10,68934811,18,1067415,-0.26847626652885265,0.003979528656984467
2021-03-10,68934811,19,1261365,-0.21728850818572143,0.0037663490357255115
2021-03-10,68934811,20,974690,0.08567411948712073,0.0040910501469422515
2021-03-10,68934811,21,1323009,0.08671080341233776,0.004011261027198595
2021-03-10,68934811,22,1434050,0.0076984793131957795,0.0039655906437833675
2021-03-10,68934811,23,1444850,0.09810243706003995,0.004701113298549867
2021-03-10,68934811,24,2292034,-0.431792359598426,0.00407489487574787
2021-03-11,60458667,0,404260,0.9603174603174603,0.004080021554168875
2021-03-11,60458667,1,6210575,0.33752369158804757,0.0037210360606184257
2021-03-11,60458667,2,6008674,-0.2180051684665778,0.009595022316836621
2021-03-11,60458667,3,6561526,0.29378199211846767,0.014059560606363364
2021-03-11,60458667,4,4203924,0.1582721885696033,0.014318165699875561
2021-03-11,60458667,5,2724300,0.25656861878191367,0.0149243277352221
2021-03-11,60458667,6,2274310,0.05608559164162086,0.012093944243905023
2021-03-11,60458667,7,1955054,-0.09565237737180064,0.007722208162448329
2021-03-11,60458667,8,2832258,-0.08950869261703377,0.007442651412916311
2021-03-11,60458667,9,2341630,-0.3614214809882684,0.0073658197185125125
2021-03-11,60458667,10,2687719,0.22146562893914876,0.00776066344342989
2021-03-11,60458667,11,1301709,0.18065472413377892,0.007852733434907923
2021-03-11,60458667,12,1388900,-0.2934450034614381,0.0076439030616086865
2021-03-11,60458667,13,1830448,-0.0932018217367498,0.007027529031774208
2021-03-11,60458667,14,1763600,-0.047523621223876614,0.006484760254654449
2021-03-11,60458667,15,1498114,-0.15869624825497688,0.004876941218829254
2021-03-11,60458667,16,1736500,-0.0724000633045758,0.0055281576949161556
2021-03-11,60458667,17,1286017,0.0712270471312413,0.005413425437424524
2021-03-11,60458667,18,1140700,0.13667321287206563,0.0047999424183304195
2021-03-11,60458667,19,1175245,0.1385080862610649,0.004677129593295863
2021-03-11,60458667,20,1586800,0.14184313721896288,0.0036225655084408835
2021-03-11,60458667,21,2061480,-0.18931604629002255,0.003345878111017133
2021-03-11,60458667,22,1458997,0.4576357645627167,0.003554024311732519
2021-03-11,60458667,23,1664402,0.005838615783506945,0.0037920332080453173
2021-03-11,60458667,24,2361525,-0.11323316460905906,0.0039443842482535085
2021-03-12,42548923,0,641500,-0.9961225281116712,0.0035504805351627626
2021-03-12,42548923,1,5128232,0.09912337591033593,0.002970213552048116
2021-03-12,42548923,2,3585050,-0.17514449973436846,0.00503918564053531
2021-03-12,42548923,3,2492764,-0.3245377062699139,0.0063401150439111814
2021-03-12,42548923,4,3597220,0.20614147404608468,0.007056725354694704
2021-03-12,42548923,5,1757435,0.1983197867381659,0.008163981371524522
2021-03-12,42548923,6,1554420,-0.15701519973141329,0.009087636160761409
2021-03-12,42548923,7,954900,0.01230375083532478,0.008388245331185967
2021-03-12,42548923,8,1066733,0.11762149067778589,0.008372054417048639
2021-03-12,42548923,9,869955,0.04626736643361935,0.007897085334701355
2021-03-12,42548923,10,1452930,-0.07732155680761967,0.005695372855354024
2021-03-12,42548923,11,983770,0.015557156629491782,0.005491523560110482
2021-03-12,42548923,12,1056142,0.04809515893894447,0.005046479671967874
2021-03-12,42548923,13,1643192,-0.07980088679755598,0.004587127177293571
2021-03-12,42548923,14,2111331,0.13973532588539161,0.004515737288560419
2021-03-12,42548923,15,2137700,0.17754751520515005,0.0056995379573417946
2021-03-12,42548923,16,1652700,-0.09835880990320874,0.005463523091859169
2021-03-12,42548923,17,1042886,0.0032559729089900514,0.005554799825812758
2021-03-12,42548923,18,1077493,0.6345350147097037,0.005221434146360217
2021-03-12,42548923,19,955477,0.2506041952074657,0.003660826168093539
2021-03-12,42548923,20,1223500,0.40332638737038434,0.0035247323255939984
2021-03-12,42548923,21,1023886,0.022965314032307418,0.0028838236278135518
2021-03-12,42548923,22,1353338,0.28443250235279477,0.0026470898128967482
2021-03-12,42548923,23,1417462,0.17831162115799348,0.003044601646017951
2021-03-12,42548923,24,1768907,-0.24330774738602698,0.0032321014739771026
2021-03-15,47738668,0,199199,0.7648442092886537,0.0032319412790619406
2021-03-15,47738668,1,7357164,-0.09740295496301174,0.0029731485622458234
2021-03-15,47738668,2,4181368,-0.04270935775010278,0.010051168145211157
2021-03-15,47738668,3,2893197,0.039959006970789746,0.01133783357339131
2021-03-15,47738668,4,2004350,-0.03921601604956853,0.012149210152342878
2021-03-15,47738668,5,1897583,0.14443609576922925,0.012888537077469748
2021-03-15,47738668,6,1256458,0.3316177868758176,0.00885579263214281
2021-03-15,47738668,7,917490,0.03970184583786866,0.007023759365624874
2021-03-15,47738668,8,1119205,0.2448543995858242,0.006015679865623626
2021-03-15,47738668,9,1860315,-0.513425993930474,0.004816008062945666
2021-03-15,47738668,10,1225679,0.04968625790658367,0.004573740769730322
2021-03-15,47738668,11,832914,0.13015471492490724,0.005741489991406478
2021-03-15,47738668,12,1085059,-0.05927546132441551,0.005375419387976735
2021-03-15,47738668,13,2226439,-0.022109836084743876,0.005298370011635542
2021-03-15,47738668,14,1966330,0.20180078666741463,0.007116500113381815
2021-03-15,47738668,15,1826912,-0.01050676019981949,0.009035613697810762
2021-03-15,47738668,16,1693610,-0.23744716997781898,0.009665580204578517
2021-03-15,47738668,17,1354636,-0.04794923878797347,0.009734852911438066
2021-03-15,47738668,18,1438049,-0.06267805031612284,0.008803828613295407
2021-03-15,47738668,19,1121578,0.10284189474468283,0.00640307770651533
2021-03-15,47738668,20,1262700,-0.05852233314438305,0.005711362183679408
2021-03-15,47738668,21,1558358,0.14219532627284953,0.0053742654141509215
2021-03-15,47738668,22,1615745,-0.10236910271582107,0.005038563107745981
2021-03-15,47738668,23,2465168,-0.25231546140457123,0.004914452761779038
2021-03-15,47738668,24,2379162,0.05716281077138007,0.005174190834411453
2021-03-16,40142792,0,208230,0.38671209540034074,0.005773780343023619
2021-03-16,40142792,1,3675375,0.08962186848849668,0.005066460992146873
2021-03-16,40142792,2,4037990,-0.1865678218865248,0.0065879668624840085
2021-03-16,40142792,3,2329000,-0.22866973518668002,0.009619532891515363
2021-03-16,40142792,4,4114814,0.18562328862514924,0.009365575457543789
2021-03-16,40142792,5,5379143,-0.09341464990794067,0.01197664536571929
2021-03-16,40142792,6,2540893,-0.12515220912962413,0.012526738879156337
2021-03-16,40142792,7,1849210,0.10653417585440618,0.011327872086949823
2021-03-16,40142792,8,1359991,0.00727478697165516,0.011403571319541733
2021-03-16,40142792,9,1433050,-0.36313861470220904,0.009317816742152287
2021-03-16,40142792,10,1175400,0.28929797362412457,0.0074469655580965315
2021-03-16,40142792,11,877300,0.09420663205401526,0.005709513499139029
2021-03-16,40142792,12,555655,0.23012618966725953,0.005593012988304099
2021-03-16,40142792,13,874700,-0.14394195949976196,0.004600514578245612
2021-03-16,40142792,14,685020,-0.2077984132111691,0.004693669103840516
2021-03-16,40142792,15,774800,-0.07465775420225461,0.004036885181729938
2021-03-16,40142792,16,669747,0.21169990490239876,0.0037520042247039167
2021-03-16,40142792,17,937480,-0.28652336862262595,0.0038657769966401944
2021-03-16,40142792,18,1058500,-0.04073072485563318,0.003098421882359117
2021-03-16,40142792,19,783983,-0.1471502236277035,0.0032046894643239635
2021-03-16,40142792,20,750117,-0.0817404536738219,0.003305660432039629
2021-03-16,40142792,21,863927,0.22800760297149283,0.003171214352374884
2021-03-16,40142792,22,909509,-0.02100279921795945,0.003147950078887319
2021-03-16,40142792,23,975078,0.17137277142307827,0.0036690278094954603
2021-03-16,40142792,24,1323880,-0.022867285259120122,0.003410577553464247
2021-03-17,38135431,0,95600,0.11358574610244988,0.0035320048245456983
2021-03-17,38135431,1,2744825,0.0025225359255498687,0.0031483358876533063
2021-03-17,38135431,2,2406819,-0.1053031117581703,0.005458114965409175
2021-03-17,38135431,3,2309262,-0.29625731221367135,0.006848933029920088
2021-03-17,38135431,4,2410548,-0.2488895355710331,0.008043033341061592
2021-03-17,38135431,5,3033904,0.13523008752746685,0.008768723851812373
2021-03-17,38135431,6,2034490,-0.034675097764180936,0.009022340821519398
2021-03-17,38135431,7,1998764,0.08603394157136193,0.008321168948008715
2021-03-17,38135431,8,1221300,0.08477232926880857,0.007623953599931134
2021-03-17,38135431,9,886700,-0.27629276279675724,0.0074530891370439
2021-03-17,38135431,10,902300,0.2203078601657148,0.005685838733448652
2021-03-17,38135431,11,817100,0.3691903261504229,0.005371307002613929
2021-03-17,38135431,12,1967004,-0.2536576737356483,0.005277726569932176
2021-03-17,38135431,13,1246228,-0.3355240642198836,0.004405518048501762
2021-03-17,38135431,14,1686000,-0.4604442092060229,0.00405980848259702
2021-03-17,38135431,15,1673632,-0.12626554462155862,0.004224095859342754
2021-03-17,38135431,16,1304830,-0.49938669964469884,0.003702529700235702
2021-03-17,38135431,17,1587450,0.5561503628358063,0.0037526604912498517
2021-03-17,38135431,18,1321790,-0.18412100752281743,0.0033933922064261373
2021-03-17,38135431,19,978900,-0.20403082939595807,0.003141629716187116
2021-03-17,38135431,20,1189627,-0.15827382592584974,0.0024450574255949894
2021-03-17,38135431,21,896483,-0.05513077232474052,0.0031756076967603976
2021-03-17,38135431,22,1104715,-0.17338957207239172,0.003193073368510475
2021-03-17,38135431,23,1040538,-0.27095419997066067,0.0032418812997494694
2021-03-17,38135431,24,1276622,0.13569695644057944,0.0032886496602199775
2021-03-18,38754670,0,394223,0.7763488957226726,0.0025869940598758153
2021-03-18,38754670,1,2965303,-0.16933544930519773,0.0022971295201509112
2021-03-18,38754670,2,2801014,-0.22289930367510052,0.004606649989495635
2021-03-18,38754670,3,4186662,0.044664806617753676,0.007651747178776281
2021-03-18,38754670,4,2017260,0.10785553810046947,0.008396327613005058
2021-03-18,38754670,5,2149531,-0.2496731382166232,0.00899382433248712
2021-03-18,38754670,6,1343450,-0.023794319831608724,0.008599921815106793
2021-03-18,38754670,7,1027506,0.10121972789622395,0.006187720080574245
2021-03-18,38754670,8,1061350,-0.31169125199900316,0.005342401866562236
2021-03-18,38754670,9,1183651,0.3112742832867956,0.005120204091331331
2021-03-18,38754670,10,1057198,0.25403942657377937,0.004450633654398159
2021-03-18,38754670,11,674000,0.10610476140745946,0.0045235925297826916
2021-03-18,38754670,12,827866,0.05036073309972335,0.0043967418666916586
2021-03-18,38754670,13,1159249,-0.0934667311509223,0.0036219099611107474
2021-03-18,38754670,14,1443818,0.4223976960341699,0.003747179146362139
2021-03-18,38754670,15,794283,0.21618389417958314,0.0036243131634742785
2021-03-18,38754670,16,770949,0.08118980707615597,0.0033967972109657544
2021-03-18,38754670,17,1262130,0.3726232206905166,0.0033753391361300428
2021-03-18,38754670,18,2309697,-0.24332002101699243,0.00292824838494432
2021-03-18,38754670,19,1281652,-0.10441737404541315,0.0029530933340420093
2021-03-18,38754670,20,1018268,0.21419844425670145,0.0033132287337711806
2021-03-18,38754670,21,1425687,-0.046596198952658076,0.0034664768476905493
2021-03-18,38754670,22,2177336,-0.16741352502708948,0.003488783075898652
2021-03-18,38754670,23,1713800,-0.018475336691914715,0.00395789501106643
2021-03-18,38754670,24,1708787,0.03083849839722468,0.0038056658191621463
2021-03-19,45694427,0,621670,0.7304043934098852,0.003645755728099621
2021-03-19,45694427,1,6561268,-0.24371779221509607,0.0031402058177697357
2021-03-19,45694427,2,2311474,0.10515056050672372,0.005895261517334067
2021-03-19,45694427,3,1395295,0.36619538727891354,0.006919448216858535
2021-03-19,45694427,4,1990473,0.07451989435628259,0.007254184101327335
2021-03-19,45694427,5,1352738,-0.22056826530049994,0.007663908227288788
2021-03-19,45694427,6,1560085,0.06141091854822032,0.006020032768245411
2021-03-19,45694427,7,1782680,0.20204040917753577,0.005009862062562863
2021-03-19,45694427,8,2414040,-0.24194555538653484,0.004557351566083969
2021-03-19,45694427,9,1089543,0.037011439667694296,0.004412065551532402
2021-03-19,45694427,10,1205440,-0.527520037535907,0.0038403451034622576
2021-03-19,45694427,11,1025239,-0.23064082533175478,0.003580399913144193
2021-03-19,45694427,12,872062,-0.10188214986912447,0.0037676795137947003
2021-03-19,45694427,13,2881618,-0.28530720719251124,0.003863822332160701
2021-03-19,45694427,14,2144305,-0.24533821272286985,0.003961370774073697
2021-03-19,45694427,15,3009614,0.04621402005092737,0.0040959539581851105
2021-03-19,45694427,16,1815296,0.3353385986497506,0.004208993073195862
2021-03-19,45694427,17,1393446,0.00654371259791459,0.004828936606815945
2021-03-19,45694427,18,1497851,-0.19593897283431544,0.004833201234100902
2021-03-19,45694427,19,2054272,-0.26171855214827094,0.004921058274625166
2021-03-19,45694427,20,1623973,-0.12275736109323004,0.004859638830908099
2021-03-19,45694427,21,932331,-0.23062719504915466,0.003995689510645202
2021-03-19,45694427,22,1428405,-0.020790058077006363,0.00428250974873154
2021-03-19,45694427,23,1216000,0.18230393936021339,0.004641905737968021
2021-03-19,45694427,24,1515309,0.006775916322371091,0.00465696153547253
2021-03-22,25192822,0,384900,-0.9126256006989952,0.004369666858186658
2021-03-22,25192822,1,3338006,-0.258513974232999,0.00346588293598091
2021-03-22,25192822,2,2752808,-0.09577173491199197,0.005650904601487559
2021-03-22,25192822,3,1487749,0.3412587571386796,0.006234979352325267
2021-03-22,25192822,4,1761332,-0.06891580190439947,0.006864311749459519
2021-03-22,25192822,5,900950,-0.06576637505133319,0.0073685637205961425
2021-03-22,25192822,6,1541598,-0.003056713391318354,0.005538695394229134
2021-03-22,25192822,7,1106450,-0.11650310982363396,0.004937868099904907
2021-03-22,25192822,8,1005951,0.0009116408944168657,0.004715529851133688
2021-03-22,25192822,9,723141,-0.02435803503006734,0.004371582234445253
2021-03-22,25192822,10,605380,-0.13190845830231396,0.0047756015049310405
2021-03-22,25192822,11,646990,0.17140701382592952,0.004545777317580014
2021-03-22,25192822,12,598370,0.38278056731329535,0.003959125732064074
2021-03-22,25192822,13,555762,-0.20936739325834597,0.0038982204762164265
2021-03-22,25192822,14,468639,-0.17889075712225483,0.0032258189323202775
2021-03-22,25192822,15,555180,0.06519082699685357,0.0031308388462471847
2021-03-22,25192822,16,652000,-0.38671738924959803,0.003022930490737739
2021-03-22,25192822,17,769775,0.060196536266750866,0.0025633517553794115
2021-03-22,25192822,18,595700,0.20980825863786107,0.002469431407189747
2021-03-22,25192822,19,551650,-0.061780580945010134,0.0021843565664177583
2021-03-22,25192822,20,729550,0.4030676337412782,0.0019242098296580374
2021-03-22,25192822,21,543000,0.2895277670442781,0.0022805497461919296
2021-03-22,25192822,22,738550,0.1258716640754694,0.002100085316524018
2021-03-22,25192822,23,938000,0.15535147408206265,0.0021005198540674785
2021-03-22,25192822,24,1241391,0.09046625376523858,0.0022217783563390657
2021-03-23,26862784,0,91300,0.8659217877094972,0.001910968258442296
2021-03-23,26862784,1,2373543,0.13892821778456868,0.0015561662087072757
2021-03-23,26862784,2,4022516,0.46433442829709975,0.0040833790248136085
2021-03-23,26862784,3,1816555,0.13211052790282476,0.007081108297644021
2021-03-23,26862784,4,1199000,0.17186677713365817,0.00725191575285121
2021-03-23,26862784,5,1036417,0.12357094371028544,0.0075891661908090505
2021-03-23,26862784,6,909183,0.01263849883335876,0.006832491506160178
2021-03-23,26862784,7,844922,-0.030782328547594183,0.004154678065214105
2021-03-23,26862784,8,967122,-0.17175677502964712,0.004096562533881613
2021-03-23,26862784,9,598900,0.2613826620386745,0.0037317563000735716
2021-03-23,26862784,10,747100,0.4048514036331682,0.0036296593815399554
2021-03-23,26862784,11,473492,0.10064442672796278,0.003238159362167445
2021-03-23,26862784,12,918743,0.17211971998698453,0.00291729891716589
2021-03-23,26862784,13,781156,-0.1678253379635939,0.003284001553529438
2021-03-23,26862784,14,709000,0.18648002665764848,0.0031814716541095933
2021-03-23,26862784,15,791600,0.26844108709539083,0.003282656387327487
2021-03-23,26862784,16,485601,0.004617469454590769,0.003887351218287638
2021-03-23,26862784,17,555108,-0.3825129767718183,0.0036272860933876908
2021-03-23,26862784,18,974000,-0.08732835640750082,0.003452967011412562
2021-03-23,26862784,19,640231,0.12481571219862966,0.003526495079686909
2021-03-23,26862784,20,927900,0.3070884027361079,0.0030031562977475487
2021-03-23,26862784,21,682869,0.306425583074787,0.0027837815009288053
2021-03-23,26862784,22,912913,0.08870289669520141,0.002803627219441307
2021-03-23,26862784,23,1954778,0.07672882081403562,0.0028032156162570328
2021-03-23,26862784,24,1448835,0.27097003142027826,0.0038401376805337435
2021-03-24,40955592,0,89030,-0.17647058823529413,0.003954998842895209
2021-03-24,40955592,1,5375271,-0.11643249259419619,0.0037998820478282484
2021-03-24,40955592,2,5879940,-0.17069430614123493,0.011835139630237164
2021-03-24,40955592,3,2933015,-0.04150324906014153,0.011945473120873013
2021-03-24,40955592,4,2471839,0.32471171458872694,0.012043064976956562
2021-03-24,40955592,5,3684329,0.21907958854171314,0.012149259130659899
2021-03-24,40955592,6,1761070,0.09294079082727597,0.005778735808686041
2021-03-24,40955592,7,1675386,0.0028214797940743913,0.005153990794226856
2021-03-24,40955592,8,2092920,0.10110167058693384,0.0050520353506984415
2021-03-24,40955592,9,1113352,0.11116146633090973,0.005203000682969392
2021-03-24,40955592,10,1065072,0.29984684861732686,0.004033358369831516
2021-03-24,40955592,11,1125712,-0.03746265901959295,0.004197991425907376
2021-03-24,40955592,12,882859,-0.4048563164329536,0.004200010665436142
2021-03-24,40955592,13,1103547,0.2154214025556545,0.0037986723948062024
2021-03-24,40955592,14,1507555,-0.3837264220997363,0.0044198970007163245
2021-03-24,40955592,15,919830,0.20682423411348824,0.0045896370026460515
2021-03-24,40955592,16,862650,-0.06290711077960931,0.004520495155447398
2021-03-24,40955592,17,628500,0.18706104472959287,0.0048981749396754025
2021-03-24,40955592,18,536410,-0.3226859585692214,0.004113373478458128
2021-03-24,40955592,19,1148013,0.10101765866494158,0.0034144160078154575
2021-03-24,40955592,20,743812,-0.15360513879056928,0.003840813926958951
2021-03-24,40955592,21,509837,-0.158080688658975,0.0036860967555182003
2021-03-24,40955592,22,713969,0.05834303132110139,0.0035528011018513073
2021-03-24,40955592,23,798892,-0.09485693513156333,0.0035088060078628143
2021-03-24,40955592,24,1332782,0.0695835293777575,0.002647112560172946
2021-03-25,27853517,0,286700,-0.7625,0.002196292524630658
2021-03-25,27853517,1,4569217,-0.13106283756643491,0.0019528860929961312
2021-03-25,27853517,2,2062187,-0.015722934819348895,0.005541928410940497
2021-03-25,27853517,3,1131161,-0.15854972010015955,0.007971965909578571
2021-03-25,27853517,4,1010820,-0.16440377818474852,0.008547542024550625
2021-03-25,27853517,5,1840415,0.26093645334947907,0.00921354805647136
2021-03-25,27853517,6,2131310,0.245602446419795,0.008839118876848068
2021-03-25,27853517,7,1031930,0.1313473403972612,0.007404027641319526
2021-03-25,27853517,8,525569,-0.03289966493322421,0.007170884813452336
2021-03-25,27853517,9,943990,-0.23671834834693753,0.0064668961079108606
2021-03-25,27853517,10,637399,-0.08712624099210821,0.004806188050653539
2021-03-25,27853517,11,996129,0.2653687615479717,0.004320350355609046
2021-03-25,27853517,12,666947,-0.27039850369331064,0.00431924211367809
2021-03-25,27853517,13,1737580,-0.0688919938744686,0.004411117245057342
2021-03-25,27853517,14,1315462,0.015043391313439413,0.005512523385060081
2021-03-25,27853517,15,1053692,-0.19431696106490176,0.005312090962290779
2021-03-25,27853517,16,850358,-0.012079316182457042,0.004879555694423425
2021-03-25,27853517,17,632800,0.3478364364660533,0.004749248866197625
2021-03-25,27853517,18,513100,-0.2022349888759301,0.003495530308541861
2021-03-25,27853517,19,407400,-0.11926186916835445,0.0031491790796690177
2021-03-25,27853517,20,485000,0.05631656069928655,0.002921180168529412
2021-03-25,27853517,21,397200,0.24561489375718457,0.0028211295161338526
2021-03-25,27853517,22,765090,-0.18121530438785133,0.002171060180098311
2021-03-25,27853517,23,842599,0.014300993076067112,0.0027701143582781335
2021-03-25,27853517,24,1019462,-0.08986513775125751,0.002747913530905039
2021-03-26,36536216,0,162200,-0.5,0.002928217750620514
2021-03-26,36536216,1,3784777,0.03226902857280635,0.002771652442117361
2021-03-26,36536216,2,2724843,0.1404816162729598,0.00556983500809547
2021-03-26,36536216,3,1940730,0.07046386140242504,0.006258788102483498
2021-03-26,36536216,4,1500300,-0.0958574022649979,0.006842176813877522
2021-03-26,36536216,5,691000,0.028792575106110992,0.007376297386274997
2021-03-26,36536216,6,1536600,-0.3549792822840059,0.0054082585816614325
2021-03-26,36536216,7,1106300,0.07633610190571848,0.005494911077867744
2021-03-26,36536216,8,1051548,-0.3922448971941549,0.005745368490864946
2021-03-26,36536216,9,1524252,0.16142061778167702,0.005841606736103494
2021-03-26,36536216,10,1274646,0.28481848012895516,0.006449153446820733
2021-03-26,36536216,11,2637655,0.14899806294897538,0.00588444300498523
2021-03-26,36536216,12,1410797,0.15905764172168144,0.005988592144045085
2021-03-26,36536216,13,1379400,-0.07509314556241362,0.005422409300133928
2021-03-26,36536216,14,1211252,0.030443415996388744,0.005019572890681766
2021-03-26,36536216,15,855244,0.40441894372328374,0.005325138381354835
2021-03-26,36536216,16,974550,0.17431134975962276,0.003920632459085074
2021-03-26,36536216,17,1341758,-0.20050500846569216,0.003977252867059592
2021-03-26,36536216,18,1363239,0.23790115935790043,0.003639257359413111
2021-03-26,36536216,19,1513905,0.128365789336839,0.0030058915829634736
2021-03-26,36536216,20,1045547,0.4653134924817134,0.0031495693430249336
2021-03-26,36536216,21,1126603,0.039512855624055584,0.0028892695022904105
2021-03-26,36536216,22,1288900,0.34738204143816626,0.0025810546526770883
2021-03-26,36536216,23,1339475,0.4509883427912916,0.002611214986663668
2021-03-26,36536216,24,1750695,-0.017499731499504605,0.0023360743956889834
2021-03-29,42214337,0,694900,-0.9959514170040485,0.0023374700236148092
2021-03-29,42214337,1,9383288,-0.2995145707381219,0.0020315859176476023
2021-03-29,42214337,2,5483665,0.35429626444971263,0.010982080848515523
2021-03-29,42214337,3,2774886,0.01618139536562785,0.012634032307882034
2021-03-29,42214337,4,2477762,-0.030218645557096288,0.013230070920091956
2021-03-29,42214337,5,1907529,-0.27278141396460076,0.013361702468963526
2021-03-29,42214337,6,1452732,-0.1449059533446072,0.008069979711613027
2021-03-29,42214337,7,1552444,-0.024161499454891985,0.006487810047087927
2021-03-29,42214337,8,1521761,0.22759814437563927,0.005547062099289373
2021-03-29,42214337,9,1273960,0.11554177707972291,0.005865048065291812
2021-03-29,42214337,10,1257500,-0.10043558292942194,0.005579452003694158
2021-03-29,42214337,11,1231323,-0.0014397339786217504,0.0041432261622388195
2021-03-29,42214337,12,886063,-0.025115709856949317,0.004486153133762009
2021-03-29,42214337,13,808999,0.018858781410122642,0.004084893638076338
2021-03-29,42214337,14,1381200,0.060110831524218096,0.005159513476884539
2021-03-29,42214337,15,1037830,0.06651529452679353,0.006552885838404689
2021-03-29,42214337,16,620303,0.6396282143722136,0.0061096585678739055
2021-03-29,42214337,17,599753,0.193552627698477,0.005869227470477813
2021-03-29,42214337,18,663980,-0.012526621598177464,0.00492845980081978
2021-03-29,42214337,19,524800,0.06525772161043142,0.003424629163122451
2021-03-29,42214337,20,686050,0.1382523903484413,0.00351835717420343
2021-03-29,42214337,21,779170,0.2703867546874383,0.004246017414771834
2021-03-29,42214337,22,720807,0.03688376424797515,0.00427667028895527
2021-03-29,42214337,23,851300,0.06378410410567936,0.0036884769324005452
2021-03-29,42214337,24,1642332,-0.05655609300167228,0.003454881622476479
2021-03-30,37315667,0,145800,-0.8248175182481752,0.002525434195012392
2021-03-30,37315667,1,2146017,0.26939241954270005,0.0020001546769937224
2021-03-30,37315667,2,1716607,-0.02436576403076654,0.004403096679388007
2021-03-30,37315667,3,1544003,0.23484128570885923,0.005616892014219994
2021-03-30,37315667,4,1554689,-0.2565793210225985,0.005777450637993726
2021-03-30,37315667,5,4177507,0.491174220187373,0.006217818404768697
2021-03-30,37315667,6,5483749,0.024646481746331977,0.010781908892926156
2021-03-30,37315667,7,2749450,-0.060713467442347804,0.010973920146172197
2021-03-30,37315667,8,1590606,0.013143162779579923,0.01152390022361065
2021-03-30,37315667,9,1188900,0.0579318178056633,0.011456937398135586
2021-03-30,37315667,10,1076487,0.04959590357653924,0.006681479390338336
2021-03-30,37315667,11,556002,0.4194569613227114,0.005508948921434474
2021-03-30,37315667,12,665797,0.2520887941118741,0.0040890312446211444
2021-03-30,37315667,13,770400,0.0835516794384199,0.003924453834059404
2021-03-30,37315667,14,881000,0.2267269506041198,0.003080347128455502
2021-03-30,37315667,15,1061218,-0.07080938955804875,0.002910381149302058
2021-03-30,37315667,16,1215270,-0.1189002922546622,0.0033501118419310898
2021-03-30,37315667,17,1146000,0.19620836205905973,0.0036435616524331375
2021-03-30,37315667,18,974300,0.43652800607795933,0.003546382092017647
2021-03-30,37315667,19,816729,-0.14314788938456155,0.003312256476174885
2021-03-30,37315667,20,711300,0.3298718584821878,0.00277864775933551
2021-03-30,37315667,21,977590,0.2768255534563263,0.0021552852636867012
2021-03-30,37315667,22,1074916,-0.14945622023203833,0.001995610001166671
2021-03-30,37315667,23,1103412,0.19457393494898662,0.0019488766962058046
2021-03-30,37315667,24,1987918,-0.06632334191997982,0.002206175932642977
2021-03-31,28175426,0,174300,0.9844961240310077,0.002205863147341354
2021-03-31,28175426,1,3309070,0.15926212467809361,0.002058864766229917
2021-03-31,28175426,2,2189806,-0.08359034985430402,0.00455478705495292
2021-03-31,28175426,3,2708664,-0.07802245657630344,0.004790373381144896
2021-03-31,28175426,4,1730460,0.0539758042836182,0.006024041067459014
2021-03-31,28175426,5,1266800,0.08784939325317852,0.006513049657720394
2021-03-31,28175426,6,1155408,0.3972007154194434,0.005564001930515308
2021-03-31,28175426,7,1288542,0.0127486795659314,0.005936055703027349
2021-03-31,28175426,8,742663,-0.09814173889565406,0.004959511581418973
2021-03-31,28175426,9,732800,-0.030347925299769197,0.0047902830696039496
2021-03-31,28175426,10,745416,0.17179521913473023,0.004518577505037938
2021-03-31,28175426,11,567771,0.09669171428758296,0.004395639825498876
2021-03-31,28175426,12,607100,0.16232934726276999,0.004203280282945377
2021-03-31,28175426,13,1042700,0.13309782936231349,0.003659791748190621
2021-03-31,28175426,14,702300,0.37898617636157444,0.003383052560509548
2021-03-31,28175426,15,658800,0.5352566715495605,0.0021805862258833268
2021-03-31,28175426,16,655900,0.38450735645830697,0.0017460397507928303
2021-03-31,28175426,17,531800,0.4437681305946591,0.0020776933309105006
2021-03-31,28175426,18,750400,0.24091721520399603,0.0018602075447034531
2021-03-31,28175426,19,742605,-0.19476161150081747,0.0018372049631729334
2021-03-31,28175426,20,2396427,-0.37984439958675903,0.001861427615756879
2021-03-31,28175426,21,696745,-0.08143959636735609,0.0021526390443296116
2021-03-31,28175426,22,811401,-0.1866104253192955,0.002451449905142461
2021-03-31,28175426,23,952512,-0.02211758758268999,0.0025458672707287505
2021-03-31,28175426,24,1015036,0.17846131388834746,0.0024804216348110965
2021-04-01,36342481,0,84700,-0.45454545454545453,0.001969028365053112
2021-04-01,36342481,1,2277669,-0.4404939662693903,0.0014139494900652638
2021-04-01,36342481,2,1122287,-0.01649010524605283,0.0033933802559858966
2021-04-01,36342481,3,743630,-0.10248336734747646,0.003933799809946927
2021-04-01,36342481,4,1481671,-0.02855860322710828,0.004373715224272079
2021-04-01,36342481,5,1948900,0.2288072350759633,0.005060053694508279
2021-04-01,36342481,6,1532822,-0.002836829323430322,0.004514912081363071
2021-04-01,36342481,7,1817320,-0.01470548401262453,0.004616135601486932
2021-04-01,36342481,8,1149300,-0.21545389037963475,0.005625457348480037
2021-04-01,36342481,9,808900,-0.18712829558672178,0.005388462567259679
2021-04-01,36342481,10,502568,-0.024822978521985915,0.005050800178987276
2021-04-01,36342481,11,809869,-0.1880061821014339,0.004638950735955624
2021-04-01,36342481,12,501040,-0.24470624675134295,0.0033816006486112014
2021-04-01,36342481,13,1470901,-0.049955691732424985,0.0029227637055127573
2021-04-01,36342481,14,1101200,-0.2596615189295081,0.0035234232813208294
2021-04-01,36342481,15,1124958,-0.03454031873436099,0.003649863925097873
2021-04-01,36342481,16,1659032,0.02082389732609374,0.003368027437296695
2021-04-01,36342481,17,2272660,-0.051826852654196086,0.003982134645111278
2021-04-01,36342481,18,2234044,0.23003708756132585,0.004114626938239762
2021-04-01,36342481,19,1815482,-0.1841875226120569,0.004160166825242455
2021-04-01,36342481,20,1627549,0.1667830860311496,0.0043700978686671684
2021-04-01,36342481,21,2884194,-0.11372145294980893,0.00391028426910736
2021-04-01,36342481,22,1823533,0.08480125032507442,0.0035034043338636844
2021-04-01,36342481,23,1360166,-0.1618370610993643,0.0032857243606451694
2021-04-01,36342481,24,2188086,0.1269006338154284,0.002652175251244443
2021-04-02,32697425,0,191279,0.9759340593225437,0.0024521669688248354
2021-04-02,32697425,1,4054930,-0.2944934697099339,0.0014781953354083388
2021-04-02,32697425,2,2247235,-0.19683476304344633,0.006224358971055801
2021-04-02,32697425,3,2198119,-0.1574718858845868,0.006945059461681874
2021-04-02,32697425,4,1867824,0.23246272231775814,0.008809040096906568
2021-04-02,32697425,5,1752883,-0.1225837776651742,0.010440026619504715
2021-04-02,32697425,6,2258295,-0.090647977017532,0.009027641466947605
2021-04-02,32697425,7,1825983,-0.19878130493888888,0.009097740305458814
2021-04-02,32697425,8,2069437,-0.12756515777765556,0.007719308465914283
2021-04-02,32697425,9,1818250,-0.21014561649683278,0.005891493439800002
2021-04-02,32697425,10,1484800,0.5170867628209854,0.00538458643041801
2021-04-02,32697425,11,995000,-0.208848196434571,0.004696378585850103
2021-04-02,32697425,12,709865,-0.07911572101236002,0.004362417596404541
2021-04-02,32697425,13,627342,0.23991834577396032,0.003916992103979195
2021-04-02,32697425,14,674114,-0.1379935619004441,0.0035039718330885
2021-04-02,32697425,15,586285,-0.032126828311520264,0.003932075975911308
2021-04-02,32697425,16,741098,0.3792507503040195,0.0035495390137394553
2021-04-02,32697425,17,945100,0.05984976464217622,0.004388779665290256
2021-04-02,32697425,18,722891,0.19576226032316443,0.004476720015032634
2021-04-02,32697425,19,488500,-0.27411440907411805,0.004458488272710684
2021-04-02,32697425,20,629500,0.07607043816083503,0.004431410564606483
2021-04-02,32697425,21,420962,0.10490115584045055,0.0037916059252692037
2021-04-02,32697425,22,652775,-0.2150988610007894,0.0038260243294183436
2021-04-02,32697425,23,1036813,0.17933018399112718,0.003115198606623113
2021-04-02,32697425,24,1698145,0.03731106062733307,0.003089969626880646
2021-04-06,29029103,0,228500,-0.5739449506845973,0.002962968878381321
2021-04-06,29029103,1,3353619,0.30072509528663793,0.002501143036773454
2021-04-06,29029103,2,2177000,0.2200247494711603,0.007680902994648646
2021-04-06,29029103,3,3288700,0.36815177017876205,0.008754329304017157
2021-04-06,29029103,4,2515894,0.3186028787286343,0.009909041126426705
2021-04-06,29029103,5,1436072,0.2676523571344108,0.010470900307940173
2021-04-06,29029103,6,918568,0.19400258154451266,0.0081834799963719
2021-04-06,29029103,7,700090,0.05919272118473503,0.007453825649005085
2021-04-06,29029103,8,622643,-0.5031978072634246,0.005942649957637161
2021-04-06,29029103,9,647034,0.04694282749601427,0.005075930245413799
2021-04-06,29029103,10,556900,0.2479145217659085,0.003841162462693122
2021-04-06,29029103,11,1164270,0.07610464311612274,0.003120051592604024
2021-04-06,29029103,12,1308281,-0.20693995066056686,0.0030634679414857243
2021-04-06,29029103,13,1043594,-0.17520924258221626,0.0030686349226156
2021-04-06,29029103,14,752615,0.15901231067707344,0.0033072231106948233
2021-04-06,29029103,15,606518,0.365852318268382,0.003256518908648409
2021-04-06,29029103,16,739700,-0.0715557803391672,0.0026328349691742865
2021-04-06,29029103,17,776816,0.35044925002450455,0.0025370148418571072
2021-04-06,29029103,18,934739,0.33168022585147605,0.0019872968759225684
2021-04-06,29029103,19,762511,-0.16894121423656733,0.0019038761051369825
2021-04-06,29029103,20,799577,0.2964353276441587,0.0017772919337872824
2021-04-06,29029103,21,759142,0.1003217064183349,0.0015706972210323316
2021-04-06,29029103,22,929835,0.40856200937415865,0.0021180488037109728
2021-04-06,29029103,23,800241,0.2811669494790745,0.002116463375695458
2021-04-06,29029103,24,1206244,-0.025089981936460358,0.0021281187884100946
2021-04-07,34043197,0,79300,0.9867549668874173,0.0020893519794462157
2021-04-07,34043197,1,2849312,-0.16431166219428175,0.0014195866711025219
2021-04-07,34043197,2,2471578,0.05868977071194128,0.0037791110731664065
2021-04-07,34043197,3,3093573,-0.2279695599505302,0.004481433726633748
2021-04-07,34043197,4,2076762,0.07602485782385,0.005573723379817473
2021-04-07,34043197,5,1981460,-0.28473445351999765,0.0061003380783735996
2021-04-07,34043197,6,2448500,0.06519345362012131,0.005278487263635802
2021-04-07,34043197,7,1422976,-0.3992937229431123,0.0054145180175067635
2021-04-07,34043197,8,762000,-0.1392757275433046,0.004433540182294545
2021-04-07,34043197,9,588500,0.24167351394110012,0.00380539437338347
2021-04-07,34043197,10,600067,-0.022473819928479598,0.0033291872182827256
2021-04-07,34043197,11,534700,-0.1133496895777894,0.002384020055253393
2021-04-07,34043197,12,438300,0.4630111812452859,0.0021359260800395572
2021-04-07,34043197,13,1149848,-0.09827405671772899,0.0023409850698444356
2021-04-07,34043197,14,1316752,0.2826735995165574,0.003338450525608866
2021-04-07,34043197,15,1528280,0.1863308462395651,0.00353165374763308
2021-04-07,34043197,16,1101794,0.32954528454554777,0.0037460228012492626
2021-04-07,34043197,17,2042700,-0.11426463759700857,0.0038672243244993044
2021-04-07,34043197,18,1496419,0.18029512150983373,0.003495789287969331
2021-04-07,34043197,19,996237,0.08207222608748245,0.003305979932500205
2021-04-07,34043197,20,855846,-0.07332880443067726,0.003062765469356348
2021-04-07,34043197,21,824440,0.18210846779712067,0.002765330767943201
2021-04-07,34043197,22,750140,-0.18213557265760189,0.002190894234908964
2021-04-07,34043197,23,1014182,0.4038675563699714,0.0017123382156455937
2021-04-07,34043197,24,1619531,-0.1726072191494215,0.001514952736016466
2021-04-08,25218699,0,166360,-0.4014895057549086,0.0017697633260998515
2021-04-08,25218699,1,2694176,0.1175145332800643,0.0015577395364917814
2021-04-08,25218699,2,1851500,-0.03551572435203183,0.005974302397436903
2021-04-08,25218699,3,1534430,0.2871029742571996,0.006525218694057317
2021-04-08,25218699,4,1237500,-0.1075779009768655,0.007009408453230864
2021-04-08,25218699,5,949600,-0.051395465281572364,0.007356260791990958
2021-04-08,25218699,6,929526,-0.21259406633056385,0.004904287710199607
2021-04-08,25218699,7,941871,-0.09131112919393221,0.004598839160965276
2021-04-08,25218699,8,1137800,-0.1609874962197302,0.004095054584108459
2021-04-08,25218699,9,1381786,0.20654710415685848,0.003885076737015384
2021-04-08,25218699,10,1003726,-0.09522208848016817,0.00469049286768024
2021-04-08,25218699,11,848100,-0.4204768502921949,0.0049303952384664165
2021-04-08,25218699,12,975598,0.03397230546797078,0.0049065512976446965
2021-04-08,25218699,13,903030,-0.14329661215908018,0.00473324727467965
2021-04-08,25218699,14,642100,0.2922039634492,0.003636253569407074
2021-04-08,25218699,15,610000,0.40585404277779435,0.002993051221394284
2021-04-08,25218699,16,856500,-0.0015059358330420517,0.00246478366339869
2021-04-08,25218699,17,733715,-0.15028335134515955,0.0023477760091840274
2021-04-08,25218699,18,700772,0.12243250590496693,0.0022407435884305837
2021-04-08,25218699,19,675152,-0.050654606759893646,0.002446469892824664
2021-04-08,25218699,20,800582,0.1746080050552567,0.002978411419617072
2021-04-08,25218699,21,845082,0.21844308741776647,0.0030496660846083675
2021-04-08,25218699,22,835675,-0.26888529407387396,0.003163994521958244
2021-04-08,25218699,23,886078,-0.010025246840020772,0.0029812281740030262
2021-04-08,25218699,24,1078040,-0.042603453078455956,0.002467999616894624
2021-04-09,22226874,0,319900,-0.5,0.0022212812321075037
2021-04-09,22226874,1,5388346,-0.11065672419291654,0.0018528708111371567
2021-04-09,22226874,2,1930264,0.14157980748359061,0.008990544600205128
2021-04-09,22226874,3,2013566,0.09373027812463008,0.009287345858447297
2021-04-09,22226874,4,1079160,-0.1638174757182522,0.009716603033791146
2021-04-09,22226874,5,1163880,0.15866605185984933,0.009969381223546021
2021-04-09,22226874,6,718533,-0.31627432211369233,0.005085512459485698
2021-04-09,22226874,7,568409,0.16233191083536974,0.004746358497954191
2021-04-09,22226874,8,507300,-0.23600246476744335,0.004046698840567851
2021-04-09,22226874,9,406032,0.3276363110493955,0.0036302402608269784
2021-04-09,22226874,10,434162,0.0007588712103379182,0.002909447875012572
2021-04-09,22226874,11,353724,-0.009985180883586294,0.0028249356526270693
2021-04-09,22226874,12,387900,-0.04464210261958953,0.00274554834910588
2021-04-09,22226874,13,545254,0.10038195439061733,0.002985106163265782
2021-04-09,22226874,14,308298,-0.25741055834559035,0.0030394336318964143
2021-04-09,22226874,15,279900,-0.0859887121428035,0.0028653242404358464
2021-04-09,22226874,16,315700,-0.13739370728509726,0.0026166615891694517
2021-04-09,22226874,17,679500,-0.47065075387028105,0.0022577086611945286
2021-04-09,22226874,18,434984,-0.002795369580348425,0.002406686050496801
2021-04-09,22226874,19,280266,-0.41500492328661465,0.003090750636521205
2021-04-09,22226874,20,340019,-0.04801971851916389,0.0034635556704279914
2021-04-09,22226874,21,622781,0.09223730330240602,0.0034811287702665667
2021-04-09,22226874,22,708800,0.27124840765903346,0.00393496397262191
2021-04-09,22226874,23,1288937,0.14557682670934624,0.003295850935058288
2021-04-09,22226874,24,1151259,0.16601886521397746,0.003100489601556763
2021-04-12,40942854,0,80600,-0.9851116625310173,0.003135255777552688
2021-04-12,40942854,1,3500635,-0.17471777673834854,0.0020638405993123423
2021-04-12,40942854,2,2153092,0.1898137211043882,0.004393148480278821
2021-04-12,40942854,3,2915189,-0.340369191854925,0.00513235833868334
2021-04-12,40942854,4,4230143,-0.39266423845839205,0.007247087104434424
2021-04-12,40942854,5,2410017,0.18388349626044195,0.009144494415023815
2021-04-12,40942854,6,1798300,-0.04638673255478277,0.008730922267523427
2021-04-12,40942854,7,2776500,-0.03672651581968686,0.008462889562867166
2021-04-12,40942854,8,2673308,-0.030820051582200424,0.007528441675327268
2021-04-12,40942854,9,1938174,0.013112909152966402,0.005083650794670717
2021-04-12,40942854,10,2431838,-0.5544828933180201,0.005567961998978273
2021-04-12,40942854,11,1726134,-0.020918264824094285,0.005774287503140568
2021-04-12,40942854,12,1282450,-0.08442620950077168,0.005582256069919871
2021-04-12,40942854,13,976299,-0.46740670869500234,0.006280422132952142
2021-04-12,40942854,14,1176395,-0.6482111425013994,0.005248832140348076
2021-04-12,40942854,15,1090500,-0.3263642781629562,0.0049939997153222145
2021-04-12,40942854,16,764430,-0.48971500671629364,0.004741954518792564
2021-04-12,40942854,17,568200,-0.29166442545312343,0.004718533759369195
2021-04-12,40942854,18,574294,0.12278413792245099,0.00504704302825169
2021-04-12,40942854,19,846656,-0.30831564777186155,0.00479311948262814
2021-04-12,40942854,20,548123,-0.3916307992126657,0.004230553187463684
2021-04-12,40942854,21,517182,-0.26913936503329083,0.0032777435126544294
2021-04-12,40942854,22,532700,-0.09329081745263389,0.0028956069125271157
2021-04-12,40942854,23,1773666,-0.16588163863951144,0.0027522331591020664
2021-04-12,40942854,24,1658029,-0.11122484245741047,0.0037329751712553995
2021-04-13,35600658,0,117700,-0.9534883720930233,0.0038556478702340326
2021-04-13,35600658,1,5049824,-0.02287292351275668,0.0035108047827534803
2021-04-13,35600658,2,3045010,-0.2124421223983967,0.008397420651793023
2021-04-13,35600658,3,2449100,-0.3250171992327523,0.008550855377985318
2021-04-13,35600658,4,2076903,0.048745815656144637,0.008890283527398596
2021-04-13,35600658,5,3171504,-0.3920777011687585,0.009849929661302836
2021-04-13,35600658,6,2023361,0.42709610039966606,0.006500519346263387
2021-04-13,35600658,7,2136855,-0.11939979751026265,0.006219173167927754
2021-04-13,35600658,8,2569397,-0.10523061761249931,0.006085915173472947
2021-04-13,35600658,9,1384631,-0.2334454001964264,0.005168061973373134
2021-04-13,35600658,10,1088833,-0.17015100659731813,0.005194309276727851
2021-04-13,35600658,11,704428,-0.3165037568941293,0.004636489685339109
2021-04-13,35600658,12,683200,-0.22140772591562363,0.00423477221482266
2021-04-13,35600658,13,820600,-0.20148138604782664,0.003574893501251947
2021-04-13,35600658,14,1062986,-0.022225634583695735,0.003637461583240319
2021-04-13,35600658,15,1115480,-0.0760910400117751,0.003914663294896928
2021-04-13,35600658,16,635292,-0.16479956539238108,0.0038628598531841108
2021-04-13,35600658,17,428870,0.3630747516741794,0.0038527098979489675
2021-04-13,35600658,18,677784,-0.5185402652803255,0.0033179828966215363
2021-04-13,35600658,19,527203,0.21873619010129086,0.003261297865822631
2021-04-13,35600658,20,768927,-0.3901628028678371,0.0030222346559688413
2021-04-13,35600658,21,813500,0.27997247203929665,0.003314538122216815
2021-04-13,35600658,22,662520,0.05570444432381954,0.0036593161147090913
2021-04-13,35600658,23,730719,0.16282839929890247,0.00338599008891821
2021-04-13,35600658,24,856031,0.13037337818469852,0.0037727520816805
2021-04-14,20286183,0,96868,0.7856377277599143,0.003344674885021733
2021-04-14,20286183,1,2429803,0.0052255343709405305,0.0028058200737117547
2021-04-14,20286183,2,1908140,0.14669140856488977,0.00562799356055462
2021-04-14,20286183,3,2239865,0.02715127703330852,0.0059252751180150255
2021-04-14,20286183,4,2224840,0.10676174634413486,0.007133347975073742
2021-04-14,20286183,5,1226352,0.12745566576904513,0.007464539345187431
2021-04-14,20286183,6,529471,0.18784705931767517,0.005911987460848048
2021-04-14,20286183,7,803551,0.15405614921235758,0.005627709268848283
2021-04-14,20286183,8,628545,0.15877446421390848,0.0044263760041256235
2021-04-14,20286183,9,762000,-0.07535123559391689,0.0042973885813399
2021-04-14,20286183,10,1239833,0.07501315419679386,0.0037263161954416693
2021-04-14,20286183,11,808863,-0.05540909173683951,0.005174050174774904
2021-04-14,20286183,12,309977,0.05163421265636448,0.005421063638010079
2021-04-14,20286183,13,289190,0.39984998238076813,0.005242765138067251
2021-04-14,20286183,14,351400,-0.2952513340675708,0.005365048151589119
2021-04-14,20286183,15,401275,-0.12572917466280936,0.0036270326343414154
2021-04-14,20286183,16,408120,-0.3669275412939766,0.00247003223345364
2021-04-14,20286183,17,352200,-0.23627881816335458,0.0024716151171798703
2021-04-14,20286183,18,341800,-0.10228528375536504,0.0021966593775887876
2021-04-14,20286183,19,489700,0.4825029726463505,0.0020696263389785546
2021-04-14,20286183,20,539000,0.06369784709906097,0.0024206358918468338
2021-04-14,20286183,21,506508,-0.15538577149074595,0.002285892297710306
2021-04-14,20286183,22,361821,0.06531658999001444,0.0024800366758496316
2021-04-14,20286183,23,347197,-0.0016639378620321808,0.002671162862563301
2021-04-14,20286183,24,689864,0.35938809945330447,0.0025019351710157543
2021-04-15,16949694,0,148600,0.9864406779661017,0.0023724413559551754
2021-04-15,16949694,1,2025422,-0.0003500342163277229,0.0018106912673961414
2021-04-15,16949694,2,1500061,-0.019919206225863177,0.004707858526039915
2021-04-15,16949694,3,974460,0.09143507174550362,0.005414517991108926
2021-04-15,16949694,4,873087,-0.03790240849030154,0.006655249076909252
2021-04-15,16949694,5,582136,-0.18875116765317865,0.007112203210237835
2021-04-15,16949694,6,505593,0.4562023630274808,0.005592046880931067
2021-04-15,16949694,7,679500,0.31759272940382133,0.005191435283667821
2021-04-15,16949694,8,502529,0.17791490425188808,0.003624668480168606
2021-04-15,16949694,9,909495,-0.06417000601839302,0.0028037104693105206
2021-04-15,16949694,10,723400,-0.12966245847030755,0.0034871505945879688
2021-04-15,16949694,11,714400,-0.14614027498933907,0.0032100293204339954
2021-04-15,16949694,12,466121,-0.02375006083964356,0.0035388890938312205
2021-04-15,16949694,13,736485,0.07691168572459715,0.003514323481134331
2021-04-15,16949694,14,753400,-0.15528223043799788,0.005216618828730522
2021-04-15,16949694,15,493300,-0.1463170323164871,0.00527402272417528
2021-04-15,16949694,16,363200,-0.12304092698811121,0.00500050360753263
2021-04-15,16949694,17,494700,-0.031295497311768616,0.004946933072146747
2021-04-15,16949694,18,530400,0.07439176302920997,0.0030532410987160344
2021-04-15,16949694,19,369292,0.09077575114244295,0.0028965080742610312
2021-04-15,16949694,20,295990,0.06598609710774787,0.002934219125076558
2021-04-15,16949694,21,535600,0.08263787603698264,0.002978756227396693
2021-04-15,16949694,22,401400,0.4579317509969298,0.0024846237180443285
2021-04-15,16949694,23,552849,0.1952796934491422,0.0024325360622753167
2021-04-15,16949694,24,818274,-0.07803851199837002,0.002408143627575964
2021-04-16,18671992,0,246760,0.9654278305963699,0.0026846074563260163
2021-04-16,18671992,1,3074823,0.24443797287577407,0.0021869537287187465
2021-04-16,18671992,2,1429047,-0.03508550266988384,0.005775986881369984
2021-04-16,18671992,3,1246439,0.03812370916750026,0.00645429388634574
2021-04-16,18671992,4,1652392,0.05752820779166413,0.006689690578643037
2021-04-16,18671992,5,1490839,-0.11223948852789023,0.008385016840592735
2021-04-16,18671992,6,457293,0.16563162017810082,0.007562668830731529
2021-04-16,18671992,7,406324,-0.17721291924250618,0.007223501138093561
2021-04-16,18671992,8,369000,0.21048521312565185,0.007017981254285706
2021-04-16,18671992,9,496000,0.026553831924475007,0.005114288524828969
2021-04-16,18671992,10,308900,-0.12453265116264704,0.003696027840592847
2021-04-16,18671992,11,270900,0.26714761566974926,0.003459537607671259
2021-04-16,18671992,12,343727,0.06886197990573435,0.003626306719393985
2021-04-16,18671992,13,514400,-0.13563474752021173,0.0038435726537948325
2021-04-16,18671992,14,307175,0.022675991866188516,0.004234044196294983
2021-04-16,18671992,15,283800,0.17301112572461888,0.0042291489633834835
2021-04-16,18671992,16,442148,-0.08658925403161595,0.00401819421233812
2021-04-16,18671992,17,631566,0.07135396062139641,0.003766747489560601
2021-04-16,18671992,18,567400,-0.2376478894380774,0.002794839441435064
2021-04-16,18671992,19,648400,-0.0626018984963035,0.002701722087941914
2021-04-16,18671992,20,613600,-0.1424910651145944,0.0028534733918292427
2021-04-16,18671992,21,633620,0.11551238719969974,0.002758067599386397
2021-04-16,18671992,22,361971,-0.122705303102201,0.002702228236127923
2021-04-16,18671992,23,660550,-0.0944480037097697,0.002339611061995684
2021-04-16,18671992,24,1214918,0.6475654122201403,0.002041065197692802
2021-04-19,25700798,0,93400,0.35714285714285715,0.0019232346231979466
2021-04-19,25700798,1,1858420,0.07831388538834763,0.0016363519299595346
2021-04-19,25700798,2,1173576,0.034787604730862676,0.007736212669775251
2021-04-19,25700798,3,1270660,-0.08258370250093573,0.008767451538925223
2021-04-19,25700798,4,1497084,0.1601006127563068,0.00889786621482537
2021-04-19,25700798,5,1387893,0.10168489048784442,0.009505872443164651
2021-04-19,25700798,6,898571,-0.3502017955293298,0.006012019823107032
2021-04-19,25700798,7,1036290,0.07886189774250221,0.004795289512108268
2021-04-19,25700798,8,794751,0.07353469679517613,0.00497505049689067
2021-04-19,25700798,9,714900,0.10272368743254823,0.004133391617019916
2021-04-19,25700798,10,749244,-0.09251759262281574,0.004087647937395897
2021-04-19,25700798,11,2059247,0.1624143532547076,0.004057137269407347
2021-04-19,25700798,12,1190495,0.1446838136241372,0.004023023266267526
2021-04-19,25700798,13,860600,-0.04997229674465834,0.003763412019696313
2021-04-19,25700798,14,1000761,0.3909224271610303,0.0034953147680846664
2021-04-19,25700798,15,811400,0.5281698896790946,0.0028891419630242728
2021-04-19,25700798,16,745657,0.13291378573274185,0.002123056863071833
2021-04-19,25700798,17,643740,0.1682142484761046,0.0019945499909492757
2021-04-19,25700798,18,962600,-0.0810796770288215,0.002103758348757651
2021-04-19,25700798,19,654475,0.2769661172358795,0.0020232365691845353
2021-04-19,25700798,20,576790,-0.11562921886801616,0.001908578712268951
2021-04-19,25700798,21,1219726,0.23491828054605793,0.0018349033625630483
2021-04-19,25700798,22,871944,-0.2712836955994099,0.0019676910680725057
2021-04-19,25700798,23,1043224,0.4677482863767558,0.001985985969889361
2021-04-19,25700798,24,1585350,-0.24980232495951893,0.001985276643537626
2021-04-20,34997801,0,100080,0.9056603773584906,0.0018544479261019332
2021-04-20,34997801,1,2733039,-0.07126898459356802,0.0011929932331027032
2021-04-20,34997801,2,1716569,-0.1219430050165801,0.004338934331134256
2021-04-20,34997801,3,1436154,0.14133529703182438,0.005630457358451144
2021-04-20,34997801,4,1680444,0.39183984330056615,0.005933352029704147
2021-04-20,34997801,5,1006060,0.10322766396959566,0.0070843319790273975
2021-04-20,34997801,6,1105752,0.09346620646263287,0.005840011921969752
2021-04-20,34997801,7,1048700,-0.3407919910584444,0.004876997645993441
2021-04-20,34997801,8,1245369,-0.3389987355211206,0.0046485039386045
2021-04-20,34997801,9,567900,-0.10975598576653679,0.0032097054263596986
2021-04-20,34997801,10,683820,0.13283783602339436,0.0031448802516261544
2021-04-20,34997801,11,688000,0.07863550147850454,0.0029374578103376283
2021-04-20,34997801,12,2124276,-0.2523643699969876,0.003024045583102163
2021-04-20,34997801,13,1464101,0.28352012809481913,0.0038326541437629456
2021-04-20,34997801,14,2639183,0.1879991974988142,0.004512215983412855
2021-04-20,34997801,15,1568721,0.3052736574313851,0.0047743346815193955
2021-04-20,34997801,16,1198717,0.20762469855881596,0.004701916108851907
2021-04-20,34997801,17,1586931,0.41473439240637083,0.00392918640132945
2021-04-20,34997801,18,2698179,0.14647021871645435,0.0029996783828725414
2021-04-20,34997801,19,1984002,-0.3372474763006684,0.003408772166546195
2021-04-20,34997801,20,1238497,0.19296392627215397,0.00433679391572287
2021-04-20,34997801,21,1136450,-0.08515738009416039,0.00433322123977803
2021-04-20,34997801,22,899704,-0.20279762142802268,0.0046035705117952515
2021-04-20,34997801,23,1134339,-0.2308713107366224,0.003870475286754079
2021-04-20,34997801,24,1312814,-0.0942994734605296,0.0034378164657797726
2021-04-21,33710915,0,83196,-0.3326226012793177,0.0031994133727700973
2021-04-21,33710915,1,2465684,-0.023085109829328508,0.0026582926010594215
2021-04-21,33710915,2,2233956,-0.007132156593442915,0.007117015364380626
2021-04-21,33710915,3,2125097,-0.32242527990106146,0.00875075998143969
2021-04-21,33710915,4,1411453,0.022488666911372468,0.009064335522834595
2021-04-21,33710915,5,961420,0.06965679321611737,0.009614357154900248
2021-04-21,33710915,6,585180,0.06189709628065362,0.007145843420849686
2021-04-21,33710915,7,643658,0.08021787402278177,0.004653872597674714
2021-04-21,33710915,8,872030,-0.1847921767131604,0.004544417908985849
2021-04-21,33710915,9,527828,-0.3813166075658033,0.004007314903806013
2021-04-21,33710915,10,550792,-0.06041198628415372,0.003903228907585072
2021-04-21,33710915,11,485814,-0.3007382246224771,0.004415970868736103
2021-04-21,33710915,12,685034,0.16271518752992944,0.004013704091698452
2021-04-21,33710915,13,592205,-0.08437929457393341,0.003722388965124551
2021-04-21,33710915,14,1518500,-0.3623883461354987,0.003683586157737571
2021-04-21,33710915,15,915430,0.13600030359015722,0.00427285827418548
2021-04-21,33710915,16,1581413,0.09320116788177607,0.004065174698745356
2021-04-21,33710915,17,1011036,0.32681545325155525,0.004080715888488784
2021-04-21,33710915,18,1641600,0.3575721435781181,0.004128969966642582
2021-04-21,33710915,19,3113782,-0.043533620303680916,0.003146583668084064
2021-04-21,33710915,20,2106776,0.07342505236539179,0.00454953153097876
2021-04-21,33710915,21,2757632,0.10525855469394126,0.0047285507663282385
2021-04-21,33710915,22,1834000,0.016622400258356367,0.0051369477403839115
2021-04-21,33710915,23,1350056,0.23819002215810364,0.004956925937067644
2021-04-21,33710915,24,1657343,0.115436510840894,0.003997197957905287
2021-04-22,33035959,0,310900,-0.9173553719008265,0.0033569454677907203
2021-04-22,33035959,1,4163079,-0.17467711338326877,0.002233952087724888
2021-04-22,33035959,2,3345702,0.13407499752715962,0.005904935228994103
2021-04-22,33035959,3,3485088,-0.2747650351159358,0.007783316249904082
2021-04-22,33035959,4,1705636,0.030939175586368273,0.008707850048978652
2021-04-22,33035959,5,1387532,0.1719366614495818,0.008820884684765672
2021-04-22,33035959,6,1218966,-0.10584468475770309,0.006982943424580194
2021-04-22,33035959,7,876149,0.31604205924627093,0.004780137607075703
2021-04-22,33035959,8,733525,-0.030759594139774162,0.0029459731385771855
2021-04-22,33035959,9,728125,0.13459908237306537,0.0037009359223761137
2021-04-22,33035959,10,556040,0.004817560706836895,0.003692539477794251
2021-04-22,33035959,11,754869,0.18135827625038575,0.0035136447014437384
2021-04-22,33035959,12,473980,0.26630222535799647,0.004233515348097159
2021-04-22,33035959,13,586994,-0.334894472229453,0.0038179307877089386
2021-04-22,33035959,14,680408,0.07869057299437292,0.00360967746323645
2021-04-22,33035959,15,740196,-0.10495925888503717,0.0037774901457645286
2021-04-22,33035959,16,971345,-0.05265191659404184,0.0032245390136381885
2021-04-22,33035959,17,1200662,0.12163567146314438,0.003036602924654648
2021-04-22,33035959,18,1446199,-0.09297340847176004,0.003770060132839455
2021-04-22,33035959,19,880344,-0.10441935481871358,0.003928896074469846
2021-04-22,33035959,20,1013939,0.10909781282042515,0.004354804808534578
2021-04-22,33035959,21,786567,0.18314336929207817,0.004205711948367374
2021-04-22,33035959,22,1188937,0.026955643537512335,0.004235559607102426
2021-04-22,33035959,23,1533245,-0.41018509462084146,0.004031029991544043
2021-04-22,33035959,24,2267532,-0.030397171626227414,0.0032582713210498617
2021-04-23,80117636,0,1340600,-0.9702507437314067,0.003398682513553752
2021-04-23,80117636,1,20467427,0.3654848325503174,0.002280067292064189
2021-04-23,80117636,2,7590145,0.29727101134734346,0.011268456618532931
2021-04-23,80117636,3,5731271,-0.008883154083013564,0.012961210410962992
2021-04-23,80117636,4,4267151,0.023619834510431263,0.013905969390531089
2021-04-23,80117636,5,2158200,-0.07285889482652452,0.015106474012841003
2021-04-23,80117636,6,2169197,0.027988216292491076,0.010496870080889566
2021-04-23,80117636,7,4075751,0.05124439144680372,0.008526048522016272
2021-04-23,80117636,8,3506987,-0.2319998967003833,0.00841161239208962
2021-04-23,80117636,9,4809348,0.05007928540064309,0.007868518393212787
2021-04-23,80117636,10,4605323,-0.14228145641893192,0.008510567615426451
2021-04-23,80117636,11,2459054,0.1668861177012219,0.012912896583399447
2021-04-23,80117636,12,1753663,0.19101386729164418,0.01410532499137454
2021-04-23,80117636,13,2101400,0.19460915605441426,0.013914142213069575
2021-04-23,80117636,14,1321810,-0.2890896756802731,0.014073913633260902
2021-04-23,80117636,15,1441833,0.01206573005440449,0.010601253293344855
2021-04-23,80117636,16,1128881,0.3091967879437535,0.007739645434877305
2021-04-23,80117636,17,1236442,-0.1922381595705898,0.006996318627679812
2021-04-23,80117636,18,737301,0.2885981676253988,0.00577375691474679
2021-04-23,80117636,19,887448,0.13196617631504565,0.0046856521127354635
2021-04-23,80117636,20,785590,-0.25861371794809734,0.004326017915295417
2021-04-23,80117636,21,1143585,0.14449184054981157,0.00353871027915871
2021-04-23,80117636,22,876600,-0.22586502033104275,0.003465447347903438
2021-04-23,80117636,23,1161717,0.08209357778210526,0.0033310973061557413
2021-04-23,80117636,24,2360912,-0.05566223722597535,0.003158665566044524
2021-04-26,49099797,0,628500,-0.6243425995492111,0.0027773885374247596
2021-04-26,49099797,1,9628706,0.18760117414703995,0.001792124561631918
2021-04-26,49099797,2,3790424,-0.21845855126964314,0.007579287137588674
2021-04-26,49099797,3,2977336,-0.29145336660770826,0.008902243750034249
2021-04-26,49099797,4,2936236,-0.036174894402644604,0.009584425840791989
2021-04-26,49099797,5,2161817,0.2560235043089211,0.010349482773614478
2021-04-26,49099797,6,1420074,0.1536120224321816,0.008463567880018657
2021-04-26,49099797,7,1286404,-0.06905604506625444,0.00741264607313141
2021-04-26,49099797,8,1410345,0.023001294028608666,0.006867390609807247
2021-04-26,49099797,9,1279501,-0.353025297293631,0.005996718590163721
2021-04-26,49099797,10,1148670,-0.16893829970400723,0.004595143062009679
2021-04-26,49099797,11,884348,0.1929165916261554,0.0046238619479647795
2021-04-26,49099797,12,838033,-0.38650057142165256,0.004063612597291272
2021-04-26,49099797,13,985725,0.3238944872288282,0.004106386202667553
2021-04-26,49099797,14,960860,-0.26045374879581534,0.004350655934023071
2021-04-26,49099797,15,990214,-0.10784158672735572,0.0038244579061506756
2021-04-26,49099797,16,1132194,0.1633447372932249,0.0043595426319526604
2021-04-26,49099797,17,2457456,0.15098596942487896,0.004446605589570345
2021-04-26,49099797,18,2052377,-0.23920937664994782,0.004008708480693815
2021-04-26,49099797,19,2061900,0.15944790114276755,0.005138130352156075
2021-04-26,49099797,20,1710878,0.15318932797959703,0.005336979348377208
2021-04-26,49099797,21,1171900,-0.3986904496339067,0.006254795891879242
2021-04-26,49099797,22,1237815,-0.18376605379045852,0.0064645593794624345
2021-04-26,49099797,23,1917069,-0.14539421773811737,0.005733898453074548
2021-04-26,49099797,24,2031015,0.12666226194345676,0.005302912962489757
2021-04-27,44026039,0,339632,0.9912179014297257,0.003680065156265555
2021-04-27,44026039,1,3136878,-0.16566450165863233,0.0027506537623332265
2021-04-27,44026039,2,2447158,0.19945229533042028,0.005512436893053407
2021-04-27,44026039,3,1826992,-0.09028283151568117,0.006386187283626721
2021-04-27,44026039,4,2567445,-0.44671166233223586,0.006810273362350587
2021-04-27,44026039,5,2675265,-0.041141062646430755,0.00873294939628937
2021-04-27,44026039,6,3524886,-0.2131965081579094,0.007396840993106674
2021-04-27,44026039,7,1603869,0.03366710865492576,0.007549091400623638
2021-04-27,44026039,8,2781284,0.15631238815504134,0.0073049229318456
2021-04-27,44026039,9,2781655,0.22042020274525653,0.006901747033037333
2021-04-27,44026039,10,3083103,-0.0548253728790942,0.007039906722872166
2021-04-27,44026039,11,1308967,0.40330926838144715,0.007774179748217309
2021-04-27,44026039,12,1260339,-0.1789107840926989,0.007816255070194789
2021-04-27,44026039,13,1695605,0.14416718350951127,0.006149825946002709
2021-04-27,44026039,14,1136168,-0.08220217541332211,0.005794496878760606
2021-04-27,44026039,15,1287984,-0.02586628930172537,0.003367010218535605
2021-04-27,44026039,16,1177510,-0.1712209849513698,0.0037911581775993035
2021-04-27,44026039,17,851471,0.02709881899614737,0.004617832011355931
2021-04-27,44026039,18,889073,-0.04921710080858993,0.004662714425611015
2021-04-27,44026039,19,1829989,-0.017259337500651215,0.0043765713975766
2021-04-27,44026039,20,802210,0.29125126178125554,0.004224717464128379
2021-04-27,44026039,21,1076611,0.03544716155996793,0.003363136094992687
2021-04-27,44026039,22,942700,-0.024907429440042688,0.0033576910403782237
2021-04-27,44026039,23,1208030,0.14270159695568588,0.0032838398021688853
2021-04-27,44026039,24,1791215,-0.28063397153303316,0.0028035053783481436
2021-04-28,33290104,0,172200,0.3382899628252788,0.00272697667438373
2021-04-28,33290104,1,4466474,0.4204919172129955,0.002156739311673269
2021-04-28,33290104,2,2354377,-0.07655990798537099,0.006840823216611724
2021-04-28,33290104,3,4047106,-0.3003692426062614,0.008582788269806088
2021-04-28,33290104,4,2189961,0.1834716580015784,0.009721674054208826
2021-04-28,33290104,5,1582828,0.020260268706363625,0.010216880862815018
2021-04-28,33290104,6,1773224,0.22545835334583364,0.008566621537229473
2021-04-28,33290104,7,1126893,0.131522758748912,0.007190616652529014
2021-04-28,33290104,8,1796528,-0.12200227443600062,0.0066245085123034595
2021-04-28,33290104,9,696302,-0.1791437164299227,0.006393666075069467
2021-04-28,33290104,10,592177,0.30478919333979343,0.00588523784223454
2021-04-28,33290104,11,653685,-0.36538100338266455,0.005694294011595354
2021-04-28,33290104,12,482100,-0.091479478098757,0.00497628456548095
2021-04-28,33290104,13,617075,-0.00675581738321702,0.004541521663689251
2021-04-28,33290104,14,574833,0.1497258664065792,0.004194847448845996
2021-04-28,33290104,15,822006,0.048569592735146064,0.0038861200106490587
2021-04-28,33290104,16,764308,0.049523753797393565,0.0038138635372650326
2021-04-28,33290104,17,572140,0.07422800554980576,0.0040711183034055866
2021-04-28,33290104,18,927043,0.13897379205605356,0.003841923703379366
2021-04-28,33290104,19,1160467,0.2098133537868156,0.0040816282353068715
2021-04-28,33290104,20,980200,-0.18396832809855637,0.003390157835091952
2021-04-28,33290104,21,969362,0.15103256501165715,0.003006907639064941
2021-04-28,33290104,22,1096298,0.1486948117457719,0.00326402021679979
2021-04-28,33290104,23,1571743,0.30496498097404434,0.0030953444455773284
2021-04-28,33290104,24,1300774,0.14051424583877375,0.003209928869776997
2021-04-29,25119450,0,208233,0.10564561207378424,0.00341172999287438
2021-04-29,25119450,1,2260629,0.03247098217994692,0.002974319174898427
2021-04-29,25119450,2,1971103,-0.16564712732056733,0.0056481258062706175
2021-04-29,25119450,3,1323695,-0.29799388964734863,0.007109398815923049
2021-04-29,25119450,4,1223571,-0.25492896350705735,0.008220284664796762
2021-04-29,25119450,5,669700,0.20415543188247992,0.008660098279645681
2021-04-29,25119450,6,1462000,0.20011961837940878,0.007145589737488781
2021-04-29,25119450,7,2310260,0.16659535564522637,0.006611855694867393
2021-04-29,25119450,8,1117000,-0.36875201517576034,0.0053643447176668696
2021-04-29,25119450,9,2057169,-0.13866790579948787,0.0052610075254905814
2021-04-29,25119450,10,1085601,-0.48791647595006177,0.005742767849942446
2021-04-29,25119450,11,598069,-0.18324093068702052,0.005456063138997966
2021-04-29,25119450,12,428205,-0.5809616831799684,0.005858528870348184
2021-04-29,25119450,13,577892,-0.35760357936890935,0.005623626902048254
2021-04-29,25119450,14,804964,-0.22459627275325225,0.005780598018064371
2021-04-29,25119450,15,695350,-0.009801118276199552,0.005175307195360474
2021-04-29,25119450,16,695108,-0.28648278590221693,0.004282307204638099
2021-04-29,25119450,17,610000,0.02886751965679561,0.004201921016621134
2021-04-29,25119450,18,537190,-0.20637972051520923,0.0033424845013171863
2021-04-29,25119450,19,600146,0.2660959966602774,0.0029725252779552068
2021-04-29,25119450,20,515600,-0.06025880893257954,0.002813364502202163
2021-04-29,25119450,21,524264,0.30002396392715486,0.0023420395391342656
2021-04-29,25119450,22,571590,-0.16935311734783612,0.0015400492342238015
2021-04-29,25119450,23,935008,-0.3716969266057952,0.0016091421354644247
2021-04-29,25119450,24,1337103,-0.021089883341888615,0.0018474369225025538
2021-04-30,18413417,0,129861,0.5232419547079857,0.0022312205628569333
2021-04-30,18413417,1,1538044,0.0012734639498681861,0.002098178892504831
2021-04-30,18413417,2,1117856,-0.051597813969782434,0.004213302759042908
2021-04-30,18413417,3,1097751,-0.341771054612121,0.004778182165578166
2021-04-30,18413417,4,1069014,-0.08865206168511579,0.005708379872106085
2021-04-30,18413417,5,850471,0.30434331208890486,0.005832264359636861
2021-04-30,18413417,6,656530,0.37205527613205636,0.005010566342061837
2021-04-30,18413417,7,535400,0.3929822195623197,0.004391694076608049
2021-04-30,18413417,8,542429,-0.25179060094297223,0.0032065782262805783
2021-04-30,18413417,9,694948,-0.34619106376197967,0.003139051282361138
2021-04-30,18413417,10,822800,0.06159640627122699,0.002649942846049972
2021-04-30,18413417,11,598120,-0.0467565549809175,0.002695011873028309
2021-04-30,18413417,12,782990,0.33314483260642985,0.0022236457998646778
2021-04-30,18413417,13,427300,0.11410887309438428,0.002257183049419148
2021-04-30,18413417,14,771800,0.01413277229332642,0.0023354653374449766
2021-04-30,18413417,15,718983,-0.1375556704375166,0.003161627411698102
2021-04-30,18413417,16,689017,-0.17940787530674293,0.003569184806341775
2021-04-30,18413417,17,564456,-0.3060143623348292,0.003638023693716533
2021-04-30,18413417,18,460025,-0.0718557817013925,0.0035586065421050073
2021-04-30,18413417,19,374700,0.22649587510457728,0.0028380109931992227
2021-04-30,18413417,20,900871,-0.15470559577763007,0.0023771201421941236
2021-04-30,18413417,21,627996,-0.3717894886333396,0.002316990512399558
2021-04-30,18413417,22,470804,0.3451009293167704,0.0022950079457266953
2021-04-30,18413417,23,861851,0.4060767430443006,0.0023346915321119915
2021-04-30,18413417,24,1109400,-0.16594238094456418,0.002305169424333497
2021-05-06,30339846,0,556742,0.9766671333240002,0.002077070401109656
2021-05-06,30339846,1,4130929,-0.09005114746912347,0.0015629246980730102
2021-05-06,30339846,2,2095269,0.20368740193363952,0.007466235445968497
2021-05-06,30339846,3,1965575,-0.09677824012760926,0.010447796170354514
2021-05-06,30339846,4,1334000,-0.03324823125565379,0.010777086171297802
2021-05-06,30339846,5,1106610,-0.27484341675807566,0.011304680106859161
2021-05-06,30339846,6,1438170,-0.15631039816671413,0.008980500897519342
2021-05-06,30339846,7,1136792,0.07009278736452602,0.0054196879280630295
2021-05-06,30339846,8,2099581,0.2569400306377387,0.005126142559451758
2021-05-06,30339846,9,1723856,-0.28192604352898676,0.004807533338812075
2021-05-06,30339846,10,1305002,-0.6520782659236793,0.004724968910801588
2021-05-06,30339846,11,1268702,-0.01588963861083427,0.005644167385563779
2021-05-06,30339846,12,856949,-0.3956983432554543,0.00633961988204497
2021-05-06,30339846,13,1111191,0.17556018107932175,0.006285728586358006
2021-05-06,30339846,14,553557,-0.27257152532368845,0.006816027829373892
2021-05-06,30339846,15,599857,0.17140218680685676,0.006196256589882854
2021-05-06,30339846,16,811445,-0.3444615022799546,0.0052609795952451915
2021-05-06,30339846,17,909682,-0.09875386480845068,0.005048831348653349
2021-05-06,30339846,18,718743,-0.07085568284890977,0.003591250040199508
2021-05-06,30339846,19,775631,0.20721804620054426,0.0036643524717280495
2021-05-06,30339846,20,575479,0.13453097286870153,0.003779211171578159
2021-05-06,30339846,21,620741,0.24431068038727097,0.0031934487282652265
2021-05-06,30339846,22,726957,0.31177740525938624,0.0037296575395175387
2021-05-06,30339846,23,781798,-0.23209644287877823,0.0031452005972190276
2021-05-06,30339846,24,1136588,-0.02651421657677192,0.0032359877909177463
2021-05-07,27290174,0,157121,0.9863383312271594,0.0033795834386408864
2021-05-07,27290174,1,2138403,0.1952255030164236,0.0025741049125747126
2021-05-07,27290174,2,1443194,0.12800988210608077,0.0052264833610253785
2021-05-07,27290174,3,1578451,-0.36641770162621545,0.00815237921148698
2021-05-07,27290174,4,1165354,-0.4158534002023396,0.008555835185294472
2021-05-07,27290174,5,746190,0.024490688263274527,0.009006145971569283
2021-05-07,27290174,6,1144456,-0.1007941566035609,0.008338380122517265
2021-05-07,27290174,7,1192230,-0.13278257848866099,0.005452514997427823
2021-05-07,27290174,8,647900,-0.21030960702793022,0.00558522216134079
2021-05-07,27290174,9,567221,-0.30064893692173505,0.005043753721891673
2021-05-07,27290174,10,450804,-0.32587982515286296,0.004537426494914416
2021-05-07,27290174,11,336700,0.30077719126108393,0.004536612382757792
2021-05-07,27290174,12,451279,-0.14625363477863787,0.003314695343793114
2021-05-07,27290174,13,814800,0.32528783198874944,0.0035206967459686317
2021-05-07,27290174,14,1476622,-0.08809198569279487,0.0032085460088480226
2021-05-07,27290174,15,970205,-0.05472856603323533,0.0032634441305644897
2021-05-07,27290174,16,1259704,-0.16441728666352093,0.003996536347458747
2021-05-07,27290174,17,1256500,-0.18878352363118128,0.004180797218854684
2021-05-07,27290174,18,982824,-0.02077267017938963,0.004321650006901218
2021-05-07,27290174,19,2029800,-0.15120356188962342,0.004049621829422194
2021-05-07,27290174,20,1822730,-0.2722847185573222,0.004697970350664424
2021-05-07,27290174,21,1055502,-0.17039794447795362,0.004799575884462612
2021-05-07,27290174,22,1151304,-0.008234490201403254,0.004846800501428802
2021-05-07,27290174,23,849093,-0.0030496717726102825,0.00530988043570332
2021-05-07,27290174,24,1601787,-0.23803238542121477,0.0042436345746664295
2021-05-10,24225591,0,243567,0.9611467266117171,0.003968997369897096
2021-05-10,24225591,1,2580061,0.06959217504128853,0.003333584031900724
2021-05-10,24225591,2,2377589,0.42450873234643055,0.005239056157403939
2021-05-10,24225591,3,1459630,0.020937824152824414,0.007717097585054091
2021-05-10,24225591,4,1468360,-0.019071209021856977,0.008602633903453633
2021-05-10,24225591,5,1014900,0.32344479939216964,0.008961421212926559
2021-05-10,24225591,6,1309054,0.09523431157569512,0.008415984529473564
2021-05-10,24225591,7,768300,-0.13324786807449052,0.006871050649043517
2021-05-10,24225591,8,699500,-0.05381508310337907,0.005982926864912985
2021-05-10,24225591,9,744000,-0.1895813716277537,0.006102524050081451
2021-05-10,24225591,10,998400,-0.33494695138869873,0.00525593482818061
2021-05-10,24225591,11,896900,0.15192433204319594,0.004760081386583437
2021-05-10,24225591,12,966998,-0.34813736720204896,0.0040561325833945285
2021-05-10,24225591,13,615080,0.12363202894660576,0.0032076273237416375
2021-05-10,24225591,14,813500,0.08199133557354252,0.003732280202956559
2021-05-10,24225591,15,909656,-0.01242670330378098,0.004885533923609222
2021-05-10,24225591,16,897500,-0.04984564428645248,0.0051309882534142535
2021-05-10,24225591,17,689525,-0.12837915986238674,0.005952757254430986
2021-05-10,24225591,18,707900,-0.4127815702027055,0.005768564607261374
2021-05-10,24225591,19,524538,-0.2130268010749674,0.0052374984913369236
2021-05-10,24225591,20,694300,0.19911534417068896,0.005393850778752789
2021-05-10,24225591,21,526727,0.2363451719330337,0.004537439580491917
2021-05-10,24225591,22,719730,-0.03245654852935676,0.0045577078738837035
2021-05-10,24225591,23,505898,0.14264526399385136,0.003994207155541144
2021-05-10,24225591,24,1093978,0.2214369088300554,0.0035082988257499697
2021-05-11,30337978,0,141200,-0.6611430224389437,0.003975556142757789
2021-05-11,30337978,1,1944421,-0.18662600650177494,0.003386060416857838
2021-05-11,30337978,2,2331649,-0.10140111434642436,0.005568035435754018
2021-05-11,30337978,3,1746681,0.0060865263895625394,0.008143983144037296
2021-05-11,30337978,4,900280,0.22530178885582255,0.010932388002611803
2021-05-11,30337978,5,768827,0.04168873415273001,0.011407675701876053
2021-05-11,30337978,6,623540,0.2705276018464298,0.010625807893417109
2021-05-11,30337978,7,549200,-0.21516534037282925,0.009001715109929073
2021-05-11,30337978,8,1137830,0.1557993060855943,0.0051668060595347585
2021-05-11,30337978,9,1047570,0.18765049125006078,0.004820294632204079
2021-05-11,30337978,10,1286350,0.3975426145287321,0.0045883031104943395
2021-05-11,30337978,11,820463,0.22583640217279202,0.004428382289984708
2021-05-11,30337978,12,1169956,-0.06110345612137721,0.004245622964983548
2021-05-11,30337978,13,1313900,0.06763074410823251,0.004599232905123773
2021-05-11,30337978,14,2490800,0.1760504415974125,0.004628629982683483
2021-05-11,30337978,15,2230591,-0.10501607006672485,0.00586737287931211
2021-05-11,30337978,16,1652400,0.17407604421171094,0.005881177284976959
2021-05-11,30337978,17,1223950,0.05273602501283479,0.005409880416114095
2021-05-11,30337978,18,909300,-0.11769338495495799,0.00532755107678821
2021-05-11,30337978,19,850500,0.2594145853175984,0.004000790403404243
2021-05-11,30337978,20,706200,0.10896795151831806,0.0038032084626440903
2021-05-11,30337978,21,754330,-0.17651281153829942,0.0032837353121615456
2021-05-11,30337978,22,911378,-0.11749792164419605,0.0029532721672760505
2021-05-11,30337978,23,1352560,-0.23772404787807894,0.0030091283706352914
2021-05-11,30337978,24,1474102,0.21885083864544658,0.003416543951127592
2021-05-12,30108716,0,151500,-0.9090909090909091,0.0034425748377011453
2021-05-12,30108716,1,2954282,0.23513997589715677,0.00311419764214131
2021-05-12,30108716,2,1186400,0.4192482347351065,0.005016902556311056
2021-05-12,30108716,3,1088900,-0.11049964889620005,0.0057538910232823644
2021-05-12,30108716,4,880765,-0.1222641874605639,0.006333926279898748
2021-05-12,30108716,5,696430,-0.1617591283846993,0.006814557146118471
2021-05-12,30108716,6,1275200,-0.3602480263762068,0.005730812560482378
2021-05-12,30108716,7,1171200,-0.02064351597342832,0.005690036268895307
2021-05-12,30108716,8,1191082,0.10038461537797456,0.005377154426334321
2021-05-12,30108716,9,619708,0.08111963825128271,0.005268908477138398
2021-05-12,30108716,10,846600,-0.05873415241040884,0.004906792140721584
2021-05-12,30108716,11,694400,0.050529045959012954,0.0039674171158574105
2021-05-12,30108716,12,307300,0.3560987350594068,0.0036731314428421814
2021-05-12,30108716,13,616342,-0.2891124402778296,0.003026292637917312
2021-05-12,30108716,14,674021,0.13884464824729814,0.003302375091154892
2021-05-12,30108716,15,570850,0.27220473008323326,0.00323324780331135
2021-05-12,30108716,16,1068954,-0.2718573498921074,0.0032077793764541413
2021-05-12,30108716,17,1110324,-0.06144318881560178,0.003314018423391333
2021-05-12,30108716,18,1660673,-0.42099409556639283,0.003728054349227778
2021-05-12,30108716,19,2184578,0.10489748386960251,0.004174172871238193
2021-05-12,30108716,20,1274854,0.11839180673737523,0.004829032656941537
2021-05-12,30108716,21,2147306,0.6909363883452455,0.005503847226151357
2021-05-12,30108716,22,1756797,0.03233281701765836,0.005254466641118451
2021-05-12,30108716,23,2245580,-0.32181375178485805,0.004839217928589613
2021-05-12,30108716,24,1734670,-0.08000053416251136,0.004611769951626009
2021-05-13,24821381,0,143500,-0.9692307692307692,0.004444507269624312
2021-05-13,24821381,1,2677416,0.20481601270540256,0.003942075141522389
2021-05-13,24821381,2,1541926,0.22627122718704404,0.005229169272194703
2021-05-13,24821381,3,1860032,-0.20659266814170574,0.0051038884123092544
2021-05-13,24821381,4,2274645,-0.44190559231489795,0.005718050397727853
2021-05-13,24821381,5,723505,0.06566613574733313,0.0066465884797901175
2021-05-13,24821381,6,640788,0.23332979287937022,0.006040865576151054
2021-05-13,24821381,7,882731,0.22695677658364038,0.006263671965284245
2021-05-13,24821381,8,957105,0.09609276924633926,0.005713997790984658
2021-05-13,24821381,9,1534625,-0.007687647250618376,0.004815592812582129
2021-05-13,24821381,10,1295841,0.28823833864328413,0.005404599617006051
2021-05-13,24821381,11,997204,0.09234473534234883,0.005587917989764406
2021-05-13,24821381,12,746657,0.11493236672834722,0.005511434892950677
2021-05-13,24821381,13,549533,-0.36541946419068855,0.007233556071226742
2021-05-13,24821381,14,562285,0.210485307958287,0.006590146683621152
2021-05-13,24821381,15,880377,-0.049858181727474075,0.006192913950253984
2021-05-13,24821381,16,777975,0.27870393199237764,0.005772792272353412
2021-05-13,24821381,17,680318,0.15775122287512014,0.0035933522726647256
2021-05-13,24821381,18,721925,0.13132292833311393,0.003469049544356344
2021-05-13,24821381,19,576397,0.07518720047455182,0.0035198849618622847
2021-05-13,24821381,20,666078,-0.28907860985138795,0.003664323642991503
2021-05-13,24821381,21,453000,-0.07648233611947336,0.0034418175755971028
2021-05-13,24821381,22,391000,-0.28910088492285974,0.003388206082077588
2021-05-13,24821381,23,614438,-0.18661262498114436,0.0026309998431093607
2021-05-13,24821381,24,1672080,-0.20912045758479825,0.0023762361689522752
2021-05-14,24782467,0,64200,0.972972972972973,0.0023064008913097583
2021-05-14,24782467,1,1888029,0.1522153991371567,0.0017625055971424537
2021-05-14,24782467,2,1083974,-0.17758229031076642,0.004568428637224765
2021-05-14,24782467,3,973079,0.21877142873564212,0.00502456035499643
2021-05-14,24782467,4,1265450,-0.02309560007062803,0.006004957449518564
2021-05-14,24782467,5,741092,-0.2516941353985764,0.006888788854338018
2021-05-14,24782467,6,2047800,-0.09345473544619091,0.005611597242805174
2021-05-14,24782467,7,1021542,-0.048536626126301094,0.006050224943490236
2021-05-14,24782467,8,912843,-0.12354288323722834,0.00568792232159339
2021-05-14,24782467,9,1439628,-0.09679867147032006,0.005400116271757911
2021-05-14,24782467,10,1400439,-0.14178204823701326,0.005253152899688871
2021-05-14,24782467,11,1270632,-0.07555946523354203,0.0047906859606081376
2021-05-14,24782467,12,798112,0.3208154025465836,0.004465693303651595
2021-05-14,24782467,13,974790,0.1800443825422924,0.004035777394139943
2021-05-14,24782467,14,1122533,-0.055994208961107586,0.004486941547878043
2021-05-14,24782467,15,852286,0.21232831146908734,0.004685723806699974
2021-05-14,24782467,16,984500,-0.09148355689082724,0.004645480311733341
2021-05-14,24782467,17,798100,-0.1759179483891002,0.004640491456391874
2021-05-14,24782467,18,846530,0.2668054437611613,0.004333803849316211
2021-05-14,24782467,19,786270,-0.213256555088749,0.003761753946681668
2021-05-14,24782467,20,586000,-0.347660636526295,0.00352735370056957
2021-05-14,24782467,21,519500,0.009293409986733088,0.0030043580844226463
2021-05-14,24782467,22,597725,0.08858608076941563,0.0029050621177606336
2021-05-14,24782467,23,758008,0.4303465381261326,0.002630715440355364
2021-05-14,24782467,24,1049405,-0.22451005057442242,0.0021414598129968726
2021-05-17,24342107,0,72600,0.1320754716981132,0.002142616410786037
2021-05-17,24342107,1,3683323,-0.21123592413352246,0.0018240030139611
2021-05-17,24342107,2,3462632,0.03483443430136129,0.007233626065173027
2021-05-17,24342107,3,3155550,-0.043845235646073885,0.010098665497967908
2021-05-17,24342107,4,1425563,-0.13712822197977953,0.011356596833878642
2021-05-17,24342107,5,1115729,0.17534052607544393,0.011612142184924764
2021-05-17,24342107,6,1092950,-0.25371503160724557,0.009699926096638134
2021-05-17,24342107,7,1368020,-0.21301219595616142,0.007066749231628703
2021-05-17,24342107,8,565133,-0.05035990557992193,0.005429113532378552
2021-05-17,24342107,9,647608,-0.5410009546684496,0.005511231580252462
2021-05-17,24342107,10,614800,-0.09700703735685887,0.00489786835385433
2021-05-17,24342107,11,374100,0.12924309470619472,0.004940269062054605
2021-05-17,24342107,12,338500,0.2500203378734932,0.00430486556060472
2021-05-17,24342107,13,1019260,-0.18840434795315375,0.003704821051593523
2021-05-17,24342107,14,783560,0.059304573254579045,0.005405589929717356
2021-05-17,24342107,15,430000,-0.19030088277561272,0.005540983592831013
2021-05-17,24342107,16,339420,0.48910564263803086,0.0054824445271077216
2021-05-17,24342107,17,256600,0.21673930150353335,0.005500289237221867
2021-05-17,24342107,18,373270,0.41227831375176993,0.00370533257214132
2021-05-17,24342107,19,508535,0.08235285343511725,0.0028837027658086107
2021-05-17,24342107,20,429600,0.4003722338244565,0.0028297858094454196
2021-05-17,24342107,21,518800,-0.11698169644274156,0.0024962529264426856
2021-05-17,24342107,22,381304,0.5527656780893946,0.0022430260664559813
2021-05-17,24342107,23,488968,-0.168671348638456,0.001560779413632134
2021-05-17,24342107,24,896282,-0.12774617727409265,0.0013291106214964486
2021-05-18,18085830,0,102786,0.8901943559898979,0.0012074963853982872
2021-05-18,18085830,1,2087830,0.0742310590821094,0.0006114532207047461
2021-05-18,18085830,2,1283927,0.08986744086179352,0.004408551970367896
2021-05-18,18085830,3,1671500,-0.2759540009758205,0.005217643672187287
2021-05-18,18085830,4,837000,-0.25744960617812224,0.006171643562394064
2021-05-18,18085830,5,384161,-0.27129262196980825,0.006979813331466297
2021-05-18,18085830,6,396866,0.16893618525066253,0.005763467358000132
2021-05-18,18085830,7,387422,-0.22679364694671703,0.005221116595501001
2021-05-18,18085830,8,410479,0.1786574545064864,0.004449159510238483
2021-05-18,18085830,9,381928,-0.018934498215283424,0.003204871471909598
2021-05-18,18085830,10,341382,0.029146463696332153,0.0035357114121571066
2021-05-18,18085830,11,749320,-0.17934060607055172,0.0038628507326437423
2021-05-18,18085830,12,784380,-0.007912531625646141,0.0038199091465209
2021-05-18,18085830,13,664500,0.02180703854377777,0.004717527114437476
2021-05-18,18085830,14,479600,-0.11178384007392245,0.004485325773658792
2021-05-18,18085830,15,530900,-0.31838821616104246,0.004082737633994763
2021-05-18,18085830,16,637409,-0.11274794374031821,0.0039302277553994345
2021-05-18,18085830,17,755900,0.17927238245659624,0.002913860794239601
2021-05-18,18085830,18,546027,0.5167041461686985,0.002794733841806228
2021-05-18,18085830,19,552200,-0.29545961295261636,0.0029879921253976134
2021-05-18,18085830,20,887600,-0.28030382789468544,0.0032540247542557836
2021-05-18,18085830,21,800671,-0.19692379865218587,0.0030826715170983727
2021-05-18,18085830,22,789786,-0.3711137656177685,0.002614506045775561
2021-05-18,18085830,23,932502,0.1744247632026333,0.002704475790564748
2021-05-18,18085830,24,689754,-0.31834367929427676,0.0024046918205936412
2021-05-19,15111140,0,50400,-0.3333333333333333,0.0024320398530923095
2021-05-19,15111140,1,1031320,-0.11087784314848369,0.00232967996893294
2021-05-19,15111140,2,780400,-0.09939357284861046,0.0036038342643143683
2021-05-19,15111140,3,974940,0.44884760436130083,0.0037738818804575456
2021-05-19,15111140,4,1431764,-0.2062942338241746,0.004273541186764914
2021-05-19,15111140,5,613361,-0.2598297374724034,0.004835890444941225
2021-05-19,15111140,6,434200,0.1851920460137646,0.004171842480111783
2021-05-19,15111140,7,403411,0.3215309402183441,0.003955549161321341
2021-05-19,15111140,8,431949,0.3962924818723148,0.003508979784053149
2021-05-19,15111140,9,500225,0.11870174348985267,0.0029572183103187856
2021-05-19,15111140,10,308074,0.09195586827131846,0.0023668780146910433
2021-05-19,15111140,11,268560,0.4220915564869625,0.0025702365735571116
2021-05-19,15111140,12,233300,0.20431139923306935,0.002572426960679782
2021-05-19,15111140,13,345262,-0.07342486390072755,0.0024843280045456022
2021-05-19,15111140,14,499132,-0.01083612977828779,0.002467909502902056
2021-05-19,15111140,15,362145,-0.3366193352172705,0.002257124839932619
2021-05-19,15111140,16,309314,-0.18967530043877914,0.002298301925890008
2021-05-19,15111140,17,625810,0.18010612990381805,0.0021716546698280913
2021-05-19,15111140,18,840823,0.04458508749551165,0.0028351110636260263
2021-05-19,15111140,19,452891,0.36694093040126774,0.0028119479039359655
2021-05-19,15111140,20,428556,0.29138046259593736,0.002611166394212579
2021-05-19,15111140,21,910800,-0.34511835785857004,0.002644839990492418
2021-05-19,15111140,22,678072,0.33347912677630626,0.0024066497411177864
2021-05-19,15111140,23,1349079,0.24496787436236026,0.0022841643714336906
2021-05-19,15111140,24,847352,-0.34273528731412356,0.002792531056376038
2021-05-20,18424460,0,164600,0.9130434782608695,0.0030509643837551407
2021-05-20,18424460,1,2021005,0.08249893738151025,0.0025133234355830393
2021-05-20,18424460,2,1130140,-0.02018333331962258,0.005395601469426416
2021-05-20,18424460,3,1108832,-0.021412363090496815,0.006202036359775309
2021-05-20,18424460,4,908516,0.10289545683249363,0.006506783554633386
2021-05-20,18424460,5,1742680,-0.03247135068731035,0.006654762264266731
2021-05-20,18424460,6,674140,0.0025610610877875076,0.004778295722652941
2021-05-20,18424460,7,628600,-0.1447811808237356,0.0034934664427125556
2021-05-20,18424460,8,608754,0.15141486357481604,0.0026836511581308253
2021-05-20,18424460,9,564799,-0.25013474231270955,0.002857759221847517
2021-05-20,18424460,10,341929,0.06433031323921726,0.0030914595480066322
2021-05-20,18424460,11,278700,0.28203218058364515,0.002947192266321849
2021-05-20,18424460,12,355660,-0.2792939512389462,0.00297323321262258
2021-05-20,18424460,13,522882,0.13881288586133944,0.002803093545948176
2021-05-20,18424460,14,838793,0.14435782997898522,0.0027262744106864856
2021-05-20,18424460,15,444830,-0.21081257695717126,0.0028933877313421855
2021-05-20,18424460,16,526000,0.14791685203141258,0.002836748265691339
2021-05-20,18424460,17,619700,-0.055107493647629215,0.0025315007292896043
2021-05-20,18424460,18,385400,0.11961565153946291,0.0024004958340435967
2021-05-20,18424460,19,562500,0.03091513181625969,0.002523877907487016
2021-05-20,18424460,20,485600,-0.002159969980675499,0.0023939070815327274
2021-05-20,18424460,21,542300,0.43518156824103343,0.0024687650399633134
2021-05-20,18424460,22,833767,-0.08352718328882128,0.0019246352878948454
2021-05-20,18424460,23,988751,0.02842940799383501,0.0017928100218027848
2021-05-20,18424460,24,1145582,0.06139314486148913,0.0018755663991567864
2021-05-21,24311567,0,69689,-0.9349164467897977,0.0024558505384191156
2021-05-21,24311567,1,2837318,-0.00916380815102404,0.002431220114263188
2021-05-21,24311567,2,1220930,-0.20266027128598427,0.004908344284853117
2021-05-21,24311567,3,932708,0.15568043862648684,0.005267571670630886
2021-05-21,24311567,4,1124425,-0.2290968503407506,0.0054948679790304215
2021-05-21,24311567,5,827800,0.22364107536117198,0.005960623908552513
2021-05-21,24311567,6,1209770,-0.23218126387611668,0.004838065332391547
2021-05-21,24311567,7,906029,-0.2694962696312502,0.004873173351187881
2021-05-21,24311567,8,488997,-0.3121976358871296,0.005922485656866894
2021-05-21,24311567,9,377709,-0.2688871365264121,0.0056282754074666996
2021-05-21,24311567,10,260823,0.09230284796765816,0.005215401995858385
2021-05-21,24311567,11,312930,-0.09714792029590158,0.004830238754270851
2021-05-21,24311567,12,453833,-0.12645812693102482,0.0036488630914959077
2021-05-21,24311567,13,1019658,0.08705313182893967,0.0036923347173479994
2021-05-21,24311567,14,2947492,0.0414634511874754,0.004207729975001038
2021-05-21,24311567,15,1972991,0.05677790210427173,0.005992925611597215
2021-05-21,24311567,16,1196031,0.2233368562806459,0.005600887318274032
2021-05-21,24311567,17,1115703,-0.639446191215989,0.0055366691478031665
2021-05-21,24311567,18,1134432,-0.12198296536929212,0.005000741412699598
2021-05-21,24311567,19,646000,0.32829193927956624,0.0026796661451312194
2021-05-21,24311567,20,737110,0.3463584991608427,0.002316257779702161
2021-05-21,24311567,21,541900,-0.44404213407038523,0.003135734564118106
2021-05-21,24311567,22,576675,-0.169225914415344,0.002927432230752092
2021-05-21,24311567,23,542500,0.09602725279894123,0.002942880893494042
2021-05-21,24311567,24,858114,0.23382922489209504,0.0030759186734247443
2021-05-24,19076852,0,77030,0.6404919583727531,0.0021375264733513037
2021-05-24,19076852,1,2496604,-0.24071480861922723,0.00191796462626618
2021-05-24,19076852,2,1320090,0.09956640571800714,0.005338605421896942
2021-05-24,19076852,3,988930,-0.14060438102933753,0.006676315397516894
2021-05-24,19076852,4,2708584,-0.09352851637969194,0.007496692233272578
2021-05-24,19076852,5,2070887,-0.05213650869891023,0.009772637658354549
2021-05-24,19076852,6,869277,0.18400040356982506,0.009147634623807101
2021-05-24,19076852,7,773592,0.27674210371139396,0.008284736612557365
2021-05-24,19076852,8,466015,-0.06244571489918523,0.008237791192934513
2021-05-24,19076852,9,566700,-0.44925152039702476,0.005558627867834136
2021-05-24,19076852,10,464685,0.19426214101373177,0.005516593677259475
2021-05-24,19076852,11,304472,-0.2458000238677802,0.005441375417348477
2021-05-24,19076852,12,368336,-0.49101849059789465,0.004342420568716615
2021-05-24,19076852,13,564136,0.05152404004044435,0.00413440864262849
2021-05-24,19076852,14,427000,0.4007061130756311,0.0028635909018546912
2021-05-24,19076852,15,539000,-0.26924690778511096,0.003339202008466484
2021-05-24,19076852,16,449150,-0.21367582333781837,0.00342272091496842
2021-05-24,19076852,17,352900,0.11776271770429254,0.0034317996757651337
2021-05-24,19076852,18,356200,-0.17126020179707505,0.0028424879174893366
2021-05-24,19076852,19,483330,-0.36689545274531044,0.002112956741984885
2021-05-24,19076852,20,440664,0.18253379052936136,0.00242347074068637
2021-05-24,19076852,21,463330,-0.12196032298985691,0.0027024166122071964
2021-05-24,19076852,22,469150,0.3007668711940774,0.0030316577016098268
2021-05-24,19076852,23,338483,0.10994406673553006,0.0031834408936894675
2021-05-24,19076852,24,718307,-0.17080928319112365,0.0029169227681246695
2021-05-25,27216007,0,34500,0.42857142857142855,0.00278097630304141
2021-05-25,27216007,1,2439752,0.34618490811646085,0.0021700037417665885
2021-05-25,27216007,2,1875600,-0.4237335790117747,0.00820115840934794
2021-05-25,27216007,3,1690500,-0.1532620735906442,0.00831574376623682
2021-05-25,27216007,4,1570704,-0.1838664859745711,0.008637538754879581
2021-05-25,27216007,5,1118754,-0.1767355404935473,0.009272742704714992
2021-05-25,27216007,6,987766,-0.5003172608783072,0.004716205459571358
2021-05-25,27216007,7,883630,-0.21274494536518918,0.004555954701725659
2021-05-25,27216007,8,1156579,-0.2426037092628692,0.0038145250003498543
2021-05-25,27216007,9,1510760,0.06580602160853162,0.002312587140950664
2021-05-25,27216007,10,778180,0.38245646456628324,0.0037293960301034816
2021-05-25,27216007,11,1071975,-0.0021393447199420084,0.003857898998744426
2021-05-25,27216007,12,855750,-0.15912471611260826,0.004113050645142789
2021-05-25,27216007,13,992650,0.185631556637914,0.003922813017192208
2021-05-25,27216007,14,691240,0.05601118158839323,0.0031299003304801213
2021-05-25,27216007,15,799160,0.017603054971177357,0.003036523999799306
2021-05-25,27216007,16,687600,-0.010243075773379276,0.0029831507063456794
2021-05-25,27216007,17,662520,-0.45836124022883445,0.003103057377432744
2021-05-25,27216007,18,900912,-0.22576729940811585,0.002556775419289313
2021-05-25,27216007,19,1306210,-0.041697807398487816,0.0022826438522401587
2021-05-25,27216007,20,1109971,-0.15731418493184074,0.0019448174562539456
2021-05-25,27216007,21,1114474,0.17589881395683024,0.0018560042577335926
2021-05-25,27216007,22,919728,0.12925721981706137,0.0023869147348128095
2021-05-25,27216007,23,1014184,-0.18895996464076806,0.00252243058633296
2021-05-25,27216007,24,1042908,-0.2483037867067687,0.0025081733623919223
2021-05-26,16119748,0,86100,-0.42857142857142855,0.0027527853465702523
2021-05-26,16119748,1,2267587,-0.207249168039926,0.0021886353659930843
2021-05-26,16119748,2,1568166,0.00565004661716147,0.0042877670321194135
2021-05-26,16119748,3,1501752,-0.16645349023671027,0.004960502053121754
2021-05-26,16119748,4,1335392,0.0782758731023755,0.005225827236789719
2021-05-26,16119748,5,573000,-0.2778973379085816,0.006000138797580749
2021-05-26,16119748,6,477200,-0.026608870264264322,0.004963643553282569
2021-05-26,16119748,7,472500,-0.1766202326522514,0.004680105301782809
2021-05-26,16119748,8,450760,0.17726324620072717,0.004243903891424906
2021-05-26,16119748,9,539600,-0.2063115725965784,0.0032453990873147444
2021-05-26,16119748,10,548660,-0.2892950416798086,0.00276735998508276
2021-05-26,16119748,11,265118,-0.5642271317596783,0.00250862224200811
2021-05-26,16119748,12,313544,-0.35726290771268476,0.002510067009754291
2021-05-26,16119748,13,403417,-0.6929294659707402,0.002435780076055549
2021-05-26,16119748,14,317064,-0.4743715438795169,0.0027353645853400773
2021-05-26,16119748,15,334549,-0.4205194751300101,0.0026008824923939387
2021-05-26,16119748,16,437409,-0.5293980302540846,0.0026005058675445288
2021-05-26,16119748,17,474538,-0.7378953073321297,0.0025025339016238194
2021-05-26,16119748,18,302655,-0.32824779456795267,0.002152238854035289
2021-05-26,16119748,19,413782,-0.03332841659772028,0.0016780551110389746
2021-05-26,16119748,20,347800,-0.5969369022073747,0.0016542077530653872
2021-05-26,16119748,21,327921,0.14619673790656587,0.0016965484832917716
2021-05-26,16119748,22,468632,0.23536516614660605,0.0014828111468716105
2021-05-26,16119748,23,754290,-0.12613864245777884,0.001392701503660147
2021-05-26,16119748,24,1138312,0.023737431904398847,0.0016546580375292235
2021-05-27,21922946,0,41281,-0.680672268907563,0.0019557443842758574
2021-05-27,21922946,1,1449264,0.14848924812424724,0.0018764406609584575
2021-05-27,21922946,2,1648968,0.0016310848907021445,0.0035513299234805765
2021-05-27,21922946,3,2426743,0.263896026891809,0.007311852163496283
2021-05-27,21922946,4,1901700,0.4659928190571615,0.00930200101104082
2021-05-27,21922946,5,1287747,0.1258709150281553,0.009545567040887565
2021-05-27,21922946,6,837300,0.40160955848998425,0.009232860186314983
2021-05-27,21922946,7,592005,0.05500653121605879,0.0065878277118890825
2021-05-27,21922946,8,514703,0.09078069715763147,0.003071965495591636
2021-05-27,21922946,9,1432772,-0.47022883217736594,0.003070900183227689
2021-05-27,21922946,10,1086262,-0.024505401573010534,0.0032404947761349545
2021-05-27,21922946,11,453874,-0.43421834775142976,0.004408530797121225
2021-05-27,21922946,12,526015,0.1825188160660026,0.004559902061939511
2021-05-27,21922946,13,584347,0.40007663993455195,0.004814378561595353
2021-05-27,21922946,14,387000,-0.12844130421306846,0.004903377024859204
2021-05-27,21922946,15,564853,-0.01698513458121014,0.003987245223491709
2021-05-27,21922946,16,657785,-0.4151919665022375,0.0042767976738086935
2021-05-27,21922946,17,575475,-0.24489905800919975,0.0035188825874414758
2021-05-27,21922946,18,687431,-0.1087159144952935,0.002993524322728128
2021-05-27,21922946,19,582184,0.19083857792549075,0.0029187860343583747
2021-05-27,21922946,20,672058,0.4296830779679043,0.002042526982581172
2021-05-27,21922946,21,461153,0.21242686535348332,0.0018525422538854279
2021-05-27,21922946,22,586209,-0.26331635991015256,0.0016571127467559668
2021-05-27,21922946,23,912162,-0.09079007585979391,0.0016328913923348775
2021-05-27,21922946,24,1053655,0.07922830392295685,0.0018711481807349745
2021-05-28,22646873,0,110705,0.9415033635565955,0.0018944415585394616
2021-05-28,22646873,1,2030690,-0.33705418205043375,0.0015670323657048318
2021-05-28,22646873,2,1904120,-0.023325169860399064,0.0040432246887577355
2021-05-28,22646873,3,1727520,0.05488958378619451,0.005438690690216641
2021-05-28,22646873,4,1100713,-0.13030939985872686,0.005818766353774799
2021-05-28,22646873,5,874345,-0.24556179430484418,0.005991904783184923
2021-05-28,22646873,6,539289,-0.38454406788423645,0.00514995772783058
2021-05-28,22646873,7,502600,-0.08959528774981809,0.0038680801128514633
2021-05-28,22646873,8,664214,-0.4592893705541599,0.0034687307472940523
2021-05-28,22646873,9,518840,0.048220832851737394,0.003287482266262624
2021-05-28,22646873,10,477010,-0.4157505262379262,0.0032371684742696035
2021-05-28,22646873,11,642607,-0.35738689699184056,0.0031546022583454057
2021-05-28,22646873,12,727100,0.02460149017530356,0.0031016865108270827
2021-05-28,22646873,13,551404,-0.05200519967356666,0.0032405623454740944
2021-05-28,22646873,14,450600,-0.42432654816862847,0.00285679089002857
2021-05-28,22646873,15,787193,0.2795163295078266,0.0031594257190490716
2021-05-28,22646873,16,905900,0.284882702790556,0.0034745162538283698
2021-05-28,22646873,17,1387784,-0.07686148543585679,0.0042921780662961585
2021-05-28,22646873,18,1114201,-0.4277229828721542,0.0045465942927792775
2021-05-28,22646873,19,1139900,0.15397638394753393,0.004658616635634639
2021-05-28,22646873,20,1549560,-0.13540777451462926,0.004560223859267065
2021-05-28,22646873,21,698960,-0.1124074426426831,0.004137207330243053
2021-05-28,22646873,22,678514,-0.4482373600103544,0.0036603385231861085
2021-05-28,22646873,23,736716,0.14374655244101198,0.003732044898825329
2021-05-28,22646873,24,826388,-0.3701352553156966,0.003700379740051467
2021-05-31,18466208,0,75600,-0.9915603802048718,0.003261253863238869
2021-05-31,18466208,1,2183471,-0.11609221446750084,0.003021764929558592
2021-05-31,18466208,2,1303903,-0.22794523272159098,0.0031205456441185607
2021-05-31,18466208,3,781200,-0.18638285324936446,0.004907415967088646
2021-05-31,18466208,4,763284,-0.19160762947813212,0.005475124661438843
2021-05-31,18466208,5,491100,0.28666520487842556,0.005751090445900532
2021-05-31,18466208,6,604394,0.23470694339989168,0.005412067821961071
2021-05-31,18466208,7,677654,0.2375848376131842,0.004486533948441358
2021-05-31,18466208,8,515400,-0.15859945923518987,0.004964506197157963
2021-05-31,18466208,9,1174268,0.013457731756266859,0.004949847725784421
2021-05-31,18466208,10,433197,-0.3530453350231768,0.0053141928696855845
2021-05-31,18466208,11,817676,-0.24181586487952866,0.0046919854011973055
2021-05-31,18466208,12,1440827,0.37834259752202426,0.0036979074776673834
2021-05-31,18466208,13,1384668,-0.36932632928495135,0.0035815725207775538
2021-05-31,18466208,14,519256,-0.3272159443018465,0.0038300078649857643
2021-05-31,18466208,15,520951,-0.3350390201902787,0.004285977514327028
2021-05-31,18466208,16,455900,-0.24157100658876954,0.00451186382423958
2021-05-31,18466208,17,482400,0.08289994384736729,0.004333259074767207
2021-05-31,18466208,18,407830,0.06613290386214705,0.0034914883286025168
2021-05-31,18466208,19,522424,-0.20925806600901958,0.002791282403332321
2021-05-31,18466208,20,554600,0.13423297671672235,0.0024925389813300032
2021-05-31,18466208,21,557700,0.5937660680214301,0.0027132855939991144
2021-05-31,18466208,22,387085,0.235590538437737,0.0028412062015058873
2021-05-31,18466208,23,485133,-0.03710156615293073,0.0028299853780531467
2021-05-31,18466208,24,926287,0.13202565067583236,0.002097411451003557
2021-06-01,21535563,0,58300,-0.9870967741935484,0.0019318977313357855
2021-06-01,21535563,1,1649413,-0.18349396384153496,0.0013281619014936898
2021-06-01,21535563,2,1582043,0.24918230479939757,0.005046588916269464
2021-06-01,21535563,3,1177525,0.0901557443148908,0.007278084365501421
2021-06-01,21535563,4,762106,-0.13749386850115872,0.00797880937147585
2021-06-01,21535563,5,815466,0.15919605987723112,0.008176190110274727
2021-06-01,21535563,6,877130,0.0912743403968842,0.006848877148258255
2021-06-01,21535563,7,541525,-0.34104120514041103,0.0056004743725720525
2021-06-01,21535563,8,622683,-0.19125747038229013,0.0056144769619528275
2021-06-01,21535563,9,347531,-0.24115188932858383,0.005660208297073085
2021-06-01,21535563,10,624020,-0.10188049623585127,0.005473650896679666
2021-06-01,21535563,11,1022309,-0.13991634171589618,0.005522927326081364
2021-06-01,21535563,12,1063355,-0.011109575457269663,0.005583096873793371
2021-06-01,21535563,13,891356,0.29091632754023117,0.005624025758209816
2021-06-01,21535563,14,584638,-0.08249482690664271,0.005730227680456449
2021-06-01,21535563,15,688300,-0.2728558087561402,0.00457397913847319
2021-06-01,21535563,16,536956,-0.17151146406535955,0.0033882765921003453
2021-06-01,21535563,17,1145000,-0.1513724650306583,0.0029712945005643254
2021-06-01,21535563,18,977624,-0.22212535946573217,0.0028020357646834464
2021-06-01,21535563,19,830477,-0.2178041618860486,0.0028226329196087826
2021-06-01,21535563,20,1139310,0.4777837675163057,0.002459603605289738
2021-06-01,21535563,21,859360,-0.3515158035570926,0.002840866426356317
2021-06-01,21535563,22,744636,0.274534950976524,0.002674758895889005
2021-06-01,21535563,23,868500,-0.14007320263615158,0.0027116587806172167
2021-06-01,21535563,24,1126000,-0.309956693664774,0.0026349137954391954
2021-06-02,20087988,0,92500,-0.84,0.002422119715511754
2021-06-02,20087988,1,1979372,0.42815200135607645,0.002073767125488866
2021-06-02,20087988,2,1523602,0.05337467550657336,0.003364886227347229
2021-06-02,20087988,3,984166,-0.09764882334633167,0.004057509597852734
2021-06-02,20087988,4,770127,-0.1324793874814361,0.0044391067835413585
2021-06-02,20087988,5,704322,0.2707410339396327,0.00480140213635951
2021-06-02,20087988,6,526530,0.16263133752742512,0.0041746023798783
2021-06-02,20087988,7,763733,0.14169962253339344,0.004012552585204361
2021-06-02,20087988,8,693600,0.11567491378390907,0.0036718405062160673
2021-06-02,20087988,9,440498,-0.24898038433774272,0.0038368803705751786
2021-06-02,20087988,10,2006332,0.2130682042621544,0.0036642016938532697
2021-06-02,20087988,11,640700,0.035878497709371536,0.004107103919487667
2021-06-02,20087988,12,554600,0.17473400594083763,0.004025117205682693
2021-06-02,20087988,13,546493,-0.049990584001257214,0.0036490614701962347
2021-06-02,20087988,14,632097,-0.2694646852556266,0.0038266328045883677
2021-06-02,20087988,15,488800,0.1935281132634944,0.0031568605543689193
2021-06-02,20087988,16,702230,0.05306159513788867,0.002827650444533412
2021-06-02,20087988,17,687079,-0.4792094043760135,0.0032096014488825386
2021-06-02,20087988,18,1572183,-0.07227650758849792,0.00314252423928993
2021-06-02,20087988,19,1192109,-0.37875576351818774,0.0032799574126250565
2021-06-02,20087988,20,588575,-0.1765365929899081,0.003914460045810766
2021-06-02,20087988,21,410600,-0.35505014365986687,0.003497317779138673
2021-06-02,20087988,22,451739,-0.01897931846668906,0.003379964247294917
2021-06-02,20087988,23,510701,-0.08916443406929286,0.0029857869779782004
2021-06-02,20087988,24,625300,0.10011848923674416,0.002225511497209978
2021-06-03,17450756,0,68200,0.5086206896551724,0.0020969384938536663
2021-06-03,17450756,1,1386234,0.11654479606520224,0.0017644991713713816
2021-06-03,17450756,2,1865118,-0.08238254049731472,0.004115976789695347
2021-06-03,17450756,3,1054948,-0.2980840479767937,0.005920150145482664
2021-06-03,17450756,4,1179865,-0.1508866605103992,0.008459859993651637
2021-06-03,17450756,5,1005293,0.007678044356059777,0.008662054352614065
2021-06-03,17450756,6,428650,0.2530872521811683,0.007985525680923065
2021-06-03,17450756,7,381875,0.15734757600854987,0.00694449237302714
2021-06-03,17450756,8,313449,-0.2429902924723376,0.003976949954887548
2021-06-03,17450756,9,513965,0.17925262804475087,0.003913573536110182
2021-06-03,17450756,10,1163580,-0.11494174692775362,0.003970721371001463
2021-06-03,17450756,11,669025,0.14725190446834693,0.004462496136152912
2021-06-03,17450756,12,630589,-0.3258838131534306,0.0040033827736696516
2021-06-03,17450756,13,700667,-0.22020839005309725,0.0040905044935682765
2021-06-03,17450756,14,514724,-0.24982239407352735,0.0042212572593628445
2021-06-03,17450756,15,421021,0.27070469040360867,0.0036038419425637623
2021-06-03,17450756,16,459014,-0.07599026625933686,0.003674193462662503
2021-06-03,17450756,17,477882,0.15625951752892953,0.0035232087120973736
2021-06-03,17450756,18,601436,-0.43587433112584084,0.0027899000308952765
2021-06-03,17450756,19,580018,0.18905140062777856,0.002752228070610623
2021-06-03,17450756,20,475115,-0.3550846011961677,0.0028418714191087774
2021-06-03,17450756,21,561912,0.1460252088650739,0.002767407061504343
2021-06-03,17450756,22,729096,0.2812877706101106,0.0027401921517365624
2021-06-03,17450756,23,604114,0.2988165494342147,0.0032368961379771665
2021-06-03,17450756,24,664966,-0.2546617030554707,0.003184455484382399
2021-06-04,13741172,0,39600,-0.7948717948717948,0.0031391747369425484
2021-06-04,13741172,1,1812719,-0.1799952980913806,0.002970394382390558
2021-06-04,13741172,2,1145517,-0.23482198684543223,0.00466676583396094
2021-06-04,13741172,3,810013,0.25981737778200925,0.005327271696740519
2021-06-04,13741172,4,672100,0.3069743902202851,0.005743961476219397
2021-06-04,13741172,5,401601,0.17814100982565972,0.006119914981158574
2021-06-04,13741172,6,257825,0.09461582035588591,0.004654770838305093
2021-06-04,13741172,7,536847,-0.3512907451674256,0.003834902116114588
2021-06-04,13741172,8,352100,-0.0319426478386761,0.0033065122664062284
2021-06-04,13741172,9,322100,0.14609797166054628,0.0028887164255099822
2021-06-04,13741172,10,367100,0.25087737242781055,0.0025833224598843124
2021-06-04,13741172,11,281900,0.1446731343441126,0.0026681468556318685
2021-06-04,13741172,12,301899,0.1729834971712907,0.002415112308828931
2021-06-04,13741172,13,422500,-0.08168627856973694,0.0022056250332466885
2021-06-04,13741172,14,998816,-0.007008176021925585,0.002278715768723573
2021-06-04,13741172,15,756969,-0.15505613208789884,0.00397444949461764
2021-06-04,13741172,16,488600,-0.09478234319670858,0.004295294843470057
2021-06-04,13741172,17,414200,0.21736679622661423,0.004393171244322496
2021-06-04,13741172,18,546315,0.22447974814504443,0.004877486806445354
2021-06-04,13741172,19,444085,-0.2652007463035705,0.0036657713546904554
2021-06-04,13741172,20,343700,0.14362591072740022,0.0033382238678481904
2021-06-04,13741172,21,462900,-0.1830869747258451,0.003129255440324281
2021-06-04,13741172,22,379894,-0.22576885341495342,0.0022158441761196673
2021-06-04,13741172,23,548300,-0.08880466669558836,0.0019518679058164333
2021-06-04,13741172,24,633572,-0.07959139435840389,0.0017521243526269531
2021-06-07,26280892,0,49200,0.875,0.0019089087051402638
2021-06-07,26280892,1,2718160,-0.19685519305529467,0.001588840928540792
2021-06-07,26280892,2,4246918,-0.1754186709571894,0.00651393349560365
2021-06-07,26280892,3,1752700,0.014578060892330613,0.009243306993249755
2021-06-07,26280892,4,1740884,-0.25282110683922526,0.00954366460375068
2021-06-07,26280892,5,1404960,-0.38182142943633,0.009906505909164826
2021-06-07,26280892,6,1248437,-0.11471093983554356,0.008564933968293841
2021-06-07,26280892,7,1216100,0.11473234276055383,0.00575174632366355
2021-06-07,26280892,8,570900,-0.2050404490782213,0.00661432632221272
2021-06-07,26280892,9,1108400,-0.17325890177617995,0.00666820635995412
2021-06-07,26280892,10,694930,0.21130739508563312,0.006148706784121321
2021-06-07,26280892,11,631800,0.03614768429684182,0.006118838794546859
2021-06-07,26280892,12,391500,0.13120981975819526,0.005019573313611742
2021-06-07,26280892,13,660981,0.18691598598460044,0.004563046157390252
2021-06-07,26280892,14,1149554,0.19300281530939836,0.004540960365369203
2021-06-07,26280892,15,708500,0.039357249118803006,0.004667738378870124
2021-06-07,26280892,16,510700,-0.1536161131433642,0.004306280951456288
2021-06-07,26280892,17,663245,-0.18407412517581218,0.004682017692503289
2021-06-07,26280892,18,531300,0.17375868032636196,0.003987145438097065
2021-06-07,26280892,19,563997,-0.07200867949826723,0.003481723840982956
2021-06-07,26280892,20,448039,-0.2576383415115269,0.003714940159554297
2021-06-07,26280892,21,728324,0.1146851819891078,0.002775454394415273
2021-06-07,26280892,22,854042,0.3095099284755039,0.002649876753689594
2021-06-07,26280892,23,674200,-0.3697667561392487,0.0033647058748256247
2021-06-07,26280892,24,1013121,-0.26585536128920706,0.002998976631836344
2021-06-08,24078821,0,45700,-0.7533148319457292,0.0031446931790707153
2021-06-08,24078821,1,2208327,0.011508994626083683,0.002798084381323801
2021-06-08,24078821,2,1892532,-0.13353115323843393,0.005230514814092688
2021-06-08,24078821,3,1545178,-0.23474240979197825,0.006248829477348059
2021-06-08,24078821,4,1251810,0.010152999667273163,0.0067613974847260646
2021-06-08,24078821,5,689700,-0.07183616229261663,0.006958175277111347
2021-06-08,24078821,6,662400,-0.030184051235418074,0.005168980257686081
2021-06-08,24078821,7,1019677,0.06874805731026766,0.0039682198209335775
2021-06-08,24078821,8,786845,-0.07445317609133405,0.003439112455219675
2021-06-08,24078821,9,927397,0.007528132424756853,0.0036519857304428602
2021-06-08,24078821,10,1385050,0.18435974190002255,0.004327473746784113
2021-06-08,24078821,11,580900,0.4864276730732105,0.004738141236944072
2021-06-08,24078821,12,569413,0.07986269984084185,0.004575590389591813
2021-06-08,24078821,13,1067339,-0.5518070355090733,0.004296980180399319
2021-06-08,24078821,14,965156,-0.25664736424198686,0.005208051785124094
2021-06-08,24078821,15,2317435,-0.21194771639939017,0.005244769565127399
2021-06-08,24078821,16,859730,-0.20014991043524788,0.006883095591203436
2021-06-08,24078821,17,733100,-0.1639058261524493,0.007192165438944329
2021-06-08,24078821,18,660835,0.07699494419047892,0.0062192895481349274
2021-06-08,24078821,19,954766,0.09188899566042197,0.005807302512454436
2021-06-08,24078821,20,569570,-0.02932398842025031,0.004635443576946572
2021-06-08,24078821,21,579900,-0.20320965176446248,0.00420308807818896
2021-06-08,24078821,22,509680,0.07268033739813108,0.003972587805987309
2021-06-08,24078821,23,636470,0.3522461908721068,0.0039451188330233795
2021-06-08,24078821,24,659911,-0.009796262002993168,0.0025201427982543675
2021-06-09,24473199,0,186410,0.8455598455598455,0.0020525933556277106
2021-06-09,24473199,1,3085598,0.2973700178903147,0.001468926011156997
2021-06-09,24473199,2,2954561,-0.09875206518278123,0.010128988782120825
2021-06-09,24473199,3,1291884,-0.40818566320995836,0.010794546755316181
2021-06-09,24473199,4,761173,-0.21207373978952945,0.01112590875875483
2021-06-09,24473199,5,667420,0.0955006776175857,0.011243354584736099
2021-06-09,24473199,6,908096,-0.12468909239983897,0.00544531675609554
2021-06-09,24473199,7,911359,-0.33293106364960334,0.004222211216542614
2021-06-09,24473199,8,1177649,0.06891489237862627,0.0036255383141056328
2021-06-09,24473199,9,784002,-0.2241202525427,0.0033774010965756914
2021-06-09,24473199,10,1586140,-0.3947366198056097,0.0029174929339991595
2021-06-09,24473199,11,1298618,-0.1413276744302866,0.0026517313806372214
2021-06-09,24473199,12,510000,0.021873285992868224,0.0028018672505025553
2021-06-09,24473199,13,1225112,0.043064019084744457,0.0029066094406174164
2021-06-09,24473199,14,544225,-0.1961414947620818,0.0034142047488053494
2021-06-09,24473199,15,469400,-0.06430359165526499,0.0033984131407732783
2021-06-09,24473199,16,658590,0.20093142188480165,0.003082553766508239
2021-06-09,24473199,17,733879,0.15899534795108294,0.003564791371404898
2021-06-09,24473199,18,539177,-0.11038574971042162,0.003068926393737466
2021-06-09,24473199,19,554282,-0.052757582030403274,0.003058613564275405
2021-06-09,24473199,20,642900,-0.027802351939700116,0.002950382729909757
2021-06-09,24473199,21,634600,-0.25584550363673253,0.002293885599726478
2021-06-09,24473199,22,556650,-0.04667074090371478,0.00225550008997263
2021-06-09,24473199,23,774208,0.2304352585198032,0.0019622676823182307
2021-06-09,24473199,24,1017266,0.20056711269358055,0.0019000145563650784
2021-06-10,19344655,0,48100,0.938396176314392,0.0019628655969473768
2021-06-10,19344655,1,2048751,0.1631657112399435,0.0015888391827081185
2021-06-10,19344655,2,1143700,0.017981072151266594,0.005139449823013025
2021-06-10,19344655,3,1054830,0.16508881093555147,0.005733243679702569
2021-06-10,19344655,4,2088105,0.11581193529917733,0.006128848720004192
2021-06-10,19344655,5,958739,-0.33953927531031347,0.0074774773528134475
2021-06-10,19344655,6,821677,-0.3834344355270084,0.0060815661795780305
2021-06-10,19344655,7,840400,0.08466851701592293,0.0055602682111355025
2021-06-10,19344655,8,692137,-0.11087395675985856,0.005279013086549542
2021-06-10,19344655,9,501809,-0.11788565997964294,0.0032827573257223712
2021-06-10,19344655,10,653001,-0.1265384780545911,0.0024357016550249013
2021-06-10,19344655,11,538600,-0.3120747598550935,0.002976098355398816
2021-06-10,19344655,12,389400,0.2805395601940471,0.0026160157644065534
2021-06-10,19344655,13,539456,0.022197757484776814,0.0024907771423383846
2021-06-10,19344655,14,546263,0.5182155908637605,0.0026015469059526915
2021-06-10,19344655,15,531170,-0.4595016631313734,0.0022232235505939735
2021-06-10,19344655,16,899083,-0.3396601075066583,0.00257849094759589
2021-06-10,19344655,17,763200,0.32517702991561187,0.0026920003723138524
2021-06-10,19344655,18,630800,0.0741139891588381,0.00268255089824371
2021-06-10,19344655,19,724884,0.2064939906335295,0.0026344792587342475
2021-06-10,19344655,20,498301,-0.19835392896550424,0.002399365226513842
2021-06-10,19344655,21,418882,-0.20176808785633166,0.002401061997830409
2021-06-10,19344655,22,499400,-0.4699303409976052,0.0023070242727357302
2021-06-10,19344655,23,644380,-0.0672606019679111,0.002225884681099543
2021-06-10,19344655,24,869587,0.3007714944603958,0.0021281298439692164
2021-06-11,16065917,0,51800,-0.7959183673469388,0.002304384797763086
2021-06-11,16065917,1,2306300,0.024808812173604245,0.002163280121802847
2021-06-11,16065917,2,1252720,0.16758297915038933,0.006296605486637073
2021-06-11,16065917,3,856879,0.24092636624014402,0.006556073536190136
2021-06-11,16065917,4,1340651,0.14949998068200493,0.006645101490283339
2021-06-11,16065917,5,612984,-0.1594873991163985,0.0069209483832228
2021-06-11,16065917,6,478329,-0.13498661475587456,0.004288036062560495
2021-06-11,16065917,7,573371,-0.050249524005224915,0.004023040528158957
2021-06-11,16065917,8,408390,0.3770464294509768,0.004375539282029518
2021-06-11,16065917,9,375591,-0.02164426212058956,0.004254381063886572
2021-06-11,16065917,10,319367,0.3866033987461276,0.00371143761395037
2021-06-11,16065917,11,400208,0.15274430092901978,0.003758324186321042
2021-06-11,16065917,12,363100,0.16305508937628657,0.0036061668874515927
2021-06-11,16065917,13,503400,-0.002370183257783191,0.003590182472711913
2021-06-11,16065917,14,491900,0.21112403373636304,0.003852263514343185
2021-06-11,16065917,15,753300,-0.06571549576125296,0.004065225936791586
2021-06-11,16065917,16,440800,-0.0647960736641953,0.0038028173204609932
2021-06-11,16065917,17,587424,-0.15833337469410008,0.0037479426144801414
2021-06-11,16065917,18,496578,-0.3859293975364197,0.0032263533131694556
2021-06-11,16065917,19,458104,-0.3772465810909961,0.002916239563359252
2021-06-11,16065917,20,607407,-0.009320187355601143,0.002565017181813975
2021-06-11,16065917,21,450520,-0.21609340739250832,0.0025431266768403617
2021-06-11,16065917,22,524240,0.3962719489034601,0.0025047440504208595
2021-06-11,16065917,23,650706,0.2188132366225918,0.0022628679996539837
2021-06-11,16065917,24,761848,-0.09341613064067733,0.0022030027584476744
2021-06-15,15020396,0,48300,-0.6,0.0017334148349544404
2021-06-15,15020396,1,1186053,-0.3684056637342419,0.00151734357153651
2021-06-15,15020396,2,934900,-0.14280799892973953,0.0028299159557274222
2021-06-15,15020396,3,1263825,-0.35006746007224954,0.0041690615125290235
2021-06-15,15020396,4,1531546,-0.08330780476788217,0.005651662847277739
2021-06-15,15020396,5,1706996,-0.2859238995196315,0.006889025173073215
2021-06-15,15020396,6,913094,-0.335856258142455,0.006676604718495431
2021-06-15,15020396,7,725200,0.11218895051391253,0.006491482692981187
2021-06-15,15020396,8,463300,0.09246357162221218,0.005447944140580958
2021-06-15,15020396,9,430890,-0.36612857060520176,0.004083773757913459
2021-06-15,15020396,10,469222,-0.013379046334001542,0.003906853476600588
2021-06-15,15020396,11,267400,-0.11260468962032692,0.0034657979140196955
2021-06-15,15020396,12,271500,0.0640167067979645,0.0037221292850188187
2021-06-15,15020396,13,350199,-0.15658913240820604,0.0037369889829395055
2021-06-15,15020396,14,458000,0.09776863349088988,0.004038431618402359
2021-06-15,15020396,15,321000,-0.27907178019103906,0.004413935643528352
2021-06-15,15020396,16,319400,0.0012799365322140595,0.004138938099618555
2021-06-15,15020396,17,355800,-0.09856840175487747,0.0038672934050006046
2021-06-15,15020396,18,295920,-0.12646038807317572,0.0032054759797733143
2021-06-15,15020396,19,378300,-0.08493051711524609,0.0017362532093222133
2021-06-15,15020396,20,422944,-0.029622368813866453,0.0016859620841880852
2021-06-15,15020396,21,392000,-0.05216993137152163,0.0018009551326526407
2021-06-15,15020396,22,349200,-0.1375520333902102,0.00197413195657595
2021-06-15,15020396,23,523869,0.12793473710999745,0.0020358097965727535
2021-06-15,15020396,24,641538,0.11531510895166464,0.00178439271733295
2021-06-16,26123667,0,111300,0.998001998001998,0.0020121122668178473
2021-06-16,26123667,1,1498700,-0.13568646637096984,0.001729218993817033
2021-06-16,26123667,2,1217600,0.029553566600574094,0.004494237058955209
2021-06-16,26123667,3,1028560,-0.009142194918364032,0.005413309119812674
2021-06-16,26123667,4,1315150,0.02708646808248113,0.005918195135121239
2021-06-16,26123667,5,2013700,-0.5382048671300513,0.006764195416382393
2021-06-16,26123667,6,1948331,0.15793464566563145,0.008132352899817728
2021-06-16,26123667,7,1887094,0.27524222798432896,0.00774382694900319
2021-06-16,26123667,8,1785150,-0.2956687811531056,0.007561833491813086
2021-06-16,26123667,9,1215728,-0.12494332479056691,0.007865587933496206
2021-06-16,26123667,10,556208,0.11851661129796245,0.005923694471705785
2021-06-16,26123667,11,463400,-0.3827856328258051,0.005846348393546543
2021-06-16,26123667,12,488882,-0.2336485750304588,0.005698371025585824
2021-06-16,26123667,13,858720,-0.0681187930304805,0.004820340907012542
2021-06-16,26123667,14,734740,0.05964197090122085,0.003781587420700963
2021-06-16,26123667,15,751057,0.04933793103309021,0.004092965961183223
2021-06-16,26123667,16,789245,-0.5532892461173428,0.004021416920640067
2021-06-16,26123667,17,670365,-0.1662037806955549,0.003499904796655108
2021-06-16,26123667,18,898400,-0.408792696637022,0.0033003926495896547
2021-06-16,26123667,19,663118,-0.2979066094117522,0.0028317642348904782
2021-06-16,26123667,20,505700,-0.1904563044888983,0.002918833161578039
2021-06-16,26123667,21,604500,0.02078400591166711,0.002882140445247667
2021-06-16,26123667,22,849100,-0.23794261784630058,0.0027781478839083214
2021-06-16,26123667,23,1569982,-0.2233684086169046,0.0026487562539640455
2021-06-16,26123667,24,1698937,-0.13706941795332256,0.0023021714368350395
2021-06-17,23283502,0,222636,0.9704316972205795,0.0020625570429444896
2021-06-17,23283502,1,3454099,-0.36797379977182165,0.0019273955331479719
2021-06-17,23283502,2,1995670,-0.11052176540324873,0.005334400773098233
2021-06-17,23283502,3,1444353,0.1900072997823622,0.005958207916971367
2021-06-17,23283502,4,1607895,0.2207387816539398,0.008102494482968218
2021-06-17,23283502,5,1731108,0.0651373691555426,0.009593966216147115
2021-06-17,23283502,6,1725497,-0.10533682406079208,0.0086042479464045
2021-06-17,23283502,7,994587,0.0016885698934336435,0.008537625231042371
2021-06-17,23283502,8,536400,0.0018427247388661577,0.007424970102344323
2021-06-17,23283502,9,547463,0.05017332245543346,0.005986545320300278
2021-06-17,23283502,10,538000,-0.04834026967766426,0.0055377228668678224
2021-06-17,23283502,11,512409,-0.10216740892727831,0.005208680731510994
2021-06-17,23283502,12,460648,-0.10179450219285775,0.0039044444805584745
2021-06-17,23283502,13,475430,-0.21074233479580481,0.0032811463575327534
2021-06-17,23283502,14,606950,0.07274607845026133,0.003321576457162891
2021-06-17,23283502,15,419100,0.2966441508435495,0.0029495158412032652
2021-06-17,23283502,16,588200,0.17466782716644136,0.0027371890325339865
2021-06-17,23283502,17,769200,-0.06793231388482833,0.002881239402871496
2021-06-17,23283502,18,619700,-0.2523104595088123,0.0027350433743603465
2021-06-17,23283502,19,533463,-0.25468162495789576,0.0027999907062603354
2021-06-17,23283502,20,702300,-0.03731797555648109,0.002905673071766551
2021-06-17,23283502,21,581205,-0.18996356142124599,0.0025079546682251104
2021-06-17,23283502,22,727800,0.17537398675840923,0.0020488631692937263
2021-06-17,23283502,23,690700,-0.4872942226793639,0.002161387469874091
2021-06-17,23283502,24,798689,-0.4346759827751287,0.0021442380324834917
2021-06-18,18020516,0,163600,0.9770642201834863,0.0020359424612601796
2021-06-18,18020516,1,2786228,-0.017213714234172797,0.0019143607553735586
2021-06-18,18020516,2,1223384,0.15272338702274874,0.006181380873773829
2021-06-18,18020516,3,1168494,-0.19546289349456833,0.0075144255521273256
2021-06-18,18020516,4,680067,0.26261595865571774,0.0077934322423376555
2021-06-18,18020516,5,824700,0.11167647448507251,0.008367278937369948
2021-06-18,18020516,6,805572,-0.030809445755560463,0.00676709448306481
2021-06-18,18020516,7,555155,0.07328529966279418,0.006102536307995329
2021-06-18,18020516,8,680700,-0.22473416066518057,0.005786518900587125
2021-06-18,18020516,9,483800,0.045326264050962614,0.0052081507002600886
2021-06-18,18020516,10,519900,-0.17536684173190126,0.004150740367170223
2021-06-18,18020516,11,414400,-0.3856242623869065,0.0030433443261061897
2021-06-18,18020516,12,488644,0.2273242690294544,0.0029930981610478175
2021-06-18,18020516,13,639674,-0.3473619874682125,0.002737210300627107
2021-06-18,18020516,14,534890,-0.03595551312320593,0.004427902359872337
2021-06-18,18020516,15,442206,-0.014542914365691233,0.004339679042242876
2021-06-18,18020516,16,462990,0.2772573971669341,0.004507372297356081
2021-06-18,18020516,17,367500,0.06657043027482583,0.004763514685963123
2021-06-18,18020516,18,384745,0.21666402610848778,0.0034974692694097827
2021-06-18,18020516,19,526090,-0.11368877499513888,0.0036477440381779457
2021-06-18,18020516,20,622100,-0.2174308488433264,0.003724483682065845
2021-06-18,18020516,21,523030,-0.029001327122249922,0.0035071589192732103
2021-06-18,18020516,22,852442,0.5053188784629772,0.0031551048835636373
2021-06-18,18020516,23,723500,0.33140629084789863,0.0031670243490200564
2021-06-18,18020516,24,1146705,0.580716690806907,0.002997223622694856
2021-06-21,17810850,0,215733,0.9417914791680659,0.002864655978332343
2021-06-21,17810850,1,2560340,-0.02848752598980319,0.002540080050406557
2021-06-21,17810850,2,1146820,0.21082823367754533,0.006301716258527836
2021-06-21,17810850,3,1347810,0.03410539827121248,0.007019283892141358
2021-06-21,17810850,4,740662,0.2898646174659874,0.008042762849885796
2021-06-21,17810850,5,891440,0.16480514710451308,0.008927017811406734
2021-06-21,17810850,6,571022,-0.45793708416062157,0.007294045956309921
2021-06-21,17810850,7,601977,-0.3436934031115023,0.006881399464094272
2021-06-21,17810850,8,512716,-0.4177923684480164,0.006963373380152604
2021-06-21,17810850,9,328500,-0.15103785419183782,0.005965041007836287
2021-06-21,17810850,10,381230,-0.12249751235530808,0.005201390105734456
2021-06-21,17810850,11,662969,0.11689744195426924,0.005182118088087825
2021-06-21,17810850,12,816325,-0.01380802257190885,0.003486400765028183
2021-06-21,17810850,13,584576,-0.18623157095049123,0.003368340342317228
2021-06-21,17810850,14,868497,-0.009625799680834326,0.003996496718810284
2021-06-21,17810850,15,639262,-0.7223391732291239,0.0036232370625061193
2021-06-21,17810850,16,754900,-0.2642271861876795,0.003342754151629896
2021-06-21,17810850,17,413700,0.44148422107146856,0.003395622568922895
2021-06-21,17810850,18,467400,-0.1790251418619757,0.003496038189955299
2021-06-21,17810850,19,432115,-0.426848701421276,0.0035981327685716117
2021-06-21,17810850,20,387383,-0.043515907614905106,0.003713290678537827
2021-06-21,17810850,21,467103,-0.12406374406354473,0.0035918850571842586
2021-06-21,17810850,22,552632,0.23153485720080816,0.002845575829689197
2021-06-21,17810850,23,729370,0.1421521492203413,0.002599501994715583
2021-06-21,17810850,24,736368,0.09032750040031363,0.0024438161738932615
2021-06-22,28775761,0,46416,0.8887240356083086,0.0024187635685601547
2021-06-22,28775761,1,1275152,-0.0328719772944504,0.00203846380664687
2021-06-22,28775761,2,2113198,0.09024849308423405,0.004372345725807037
2021-06-22,28775761,3,1236091,-0.07691114198578344,0.005408511273527194
2021-06-22,28775761,4,1158100,-0.1488203247770348,0.007581874018679979
2021-06-22,28775761,5,594292,-0.07009670609439353,0.008540761421260925
2021-06-22,28775761,6,482730,-0.3838471304226214,0.007649396441695656
2021-06-22,28775761,7,1551616,-0.23016775612277904,0.007002084897228784
2021-06-22,28775761,8,1793012,-0.007684596735746196,0.006040127888032432
2021-06-22,28775761,9,954200,-0.12927578884205307,0.005809738798899259
2021-06-22,28775761,10,706101,-0.1850271458404519,0.005930498685078099
2021-06-22,28775761,11,995549,-0.30633511739415964,0.005986633947020098
2021-06-22,28775761,12,1721602,-0.0944706784355516,0.004692348294804353
2021-06-22,28775761,13,1884664,0.27209900650277885,0.004449997733568823
2021-06-22,28775761,14,1414183,-0.048378876727862764,0.0060544490330429026
2021-06-22,28775761,15,1456345,-0.20665786052771704,0.006122978165077845
2021-06-22,28775761,16,1464864,0.12979850905445806,0.006464736387420899
2021-06-22,28775761,17,1067412,-0.003524841196757929,0.005994449596477939
2021-06-22,28775761,18,1258388,0.20555488340908745,0.0042010980658716834
2021-06-22,28775761,19,917600,-0.3796451587001731,0.004656976169345059
2021-06-22,28775761,20,722087,-0.0858461993764592,0.00408662478996026
2021-06-22,28775761,21,652060,-0.3108681357725238,0.003831622859454705
2021-06-22,28775761,22,918116,-0.2591996457078519,0.003677226033921589
2021-06-22,28775761,23,1039846,-0.5230051459619062,0.002743127170671621
2021-06-22,28775761,24,1352137,0.22156548174617,0.002616533026742957
2021-06-23,23632820,0,135600,0.0,0.002297388038386391
2021-06-23,23632820,1,3045480,0.0754951714861309,0.001956912042253134
2021-06-23,23632820,2,1865100,0.2985042167462946,0.0050326203957611155
2021-06-23,23632820,3,1367296,-0.27067700342843465,0.006009968716742366
2021-06-23,23632820,4,1345705,-0.22950972820689636,0.006419983964902544
2021-06-23,23632820,5,937800,-0.05251986658006615,0.007858049819364945
2021-06-23,23632820,6,561177,-0.15636652543652166,0.006620968662086546
2021-06-23,23632820,7,799700,0.14847998695674985,0.005815200362282912
2021-06-23,23632820,8,766300,0.10249259893906593,0.005512258963988344
2021-06-23,23632820,9,485779,0.21875670568473327,0.0035972900847539902
2021-06-23,23632820,10,664400,-0.30254701102013876,0.0030173172592502275
2021-06-23,23632820,11,615224,0.1404916944195152,0.0032053420990373407
2021-06-23,23632820,12,599248,-0.5285143503296347,0.003154843313924863
2021-06-23,23632820,13,596400,-0.11941707329491888,0.0026844507338553403
2021-06-23,23632820,14,642700,-0.22619072395218293,0.0025999325284142916
2021-06-23,23632820,15,853360,-0.35589337985625075,0.0024025880019314634
2021-06-23,23632820,16,998990,-0.3589425554289138,0.002544534714356582
2021-06-23,23632820,17,752677,-0.20256114708777134,0.003066695019614569
2021-06-23,23632820,18,617905,0.017314022468313785,0.0031563512420328854
2021-06-23,23632820,19,1050085,-0.28283787480685396,0.0029475925723797475
2021-06-23,23632820,20,796980,0.12520689936379353,0.002934927086039012
2021-06-23,23632820,21,984200,0.11627298514834447,0.002509614044747057
2021-06-23,23632820,22,997130,-0.009478772274596106,0.002699800771857185
2021-06-23,23632820,23,1320240,-0.20828821789824256,0.0028873950711158568
2021-06-23,23632820,24,833344,0.029343691251591513,0.00279293544097171
2021-06-24,29824201,0,172800,-0.9897076986414162,0.003471394006666927
2021-06-24,29824201,1,5714708,-0.20383412941312315,0.0030943767622520916
2021-06-24,29824201,2,2053965,0.032737747543619015,0.009765965937301472
2021-06-24,29824201,3,2281388,0.05432837064104484,0.010775510108560602
2021-06-24,29824201,4,2964190,-0.3969713533829259,0.011127739681763983
2021-06-24,29824201,5,2028856,-0.21597037261863944,0.011904028447941953
2021-06-24,29824201,6,887593,0.1472769692001791,0.007970268994861002
2021-06-24,29824201,7,1084522,0.3224946532752936,0.006682427247836075
2021-06-24,29824201,8,1265392,0.04786596791476631,0.005993300296184497
2021-06-24,29824201,9,1242974,-0.32076592829578937,0.004638852705047449
2021-06-24,29824201,10,773012,0.3299396413395804,0.003581231212556361
2021-06-24,29824201,11,487167,-0.15132974981581676,0.0032486958619487353
2021-06-24,29824201,12,590737,-0.038553382522879626,0.0031640416615818898
2021-06-24,29824201,13,1178887,0.20284988366410736,0.0027728283489525237
2021-06-24,29824201,14,500779,-0.01598725050142077,0.0037730425707666847
2021-06-24,29824201,15,601792,-0.26341424730392216,0.0037354326831031282
2021-06-24,29824201,16,576214,-0.24755543159093435,0.00333031508398321
2021-06-24,29824201,17,528381,-0.17702044989126067,0.0035892129407317434
2021-06-24,29824201,18,605793,-0.06514157640416994,0.002469220339754822
2021-06-24,29824201,19,607591,-0.0016027957831157536,0.0024688791932859474
2021-06-24,29824201,20,518846,-0.04580185097757703,0.0024852764717514016
2021-06-24,29824201,21,695161,0.3119544035143741,0.002000930187278196
2021-06-24,29824201,22,927669,-0.12894750795079635,0.0019994004452310392
2021-06-24,29824201,23,742085,0.29871490085311614,0.002511264015930171
2021-06-24,29824201,24,793699,0.05940280143302651,0.002740448423597113
2021-06-25,34168629,0,137900,0.6705882352941176,0.0027402306532135086
2021-06-25,34168629,1,2507623,0.007724587858046754,0.002638466863708114
2021-06-25,34168629,2,1911597,-0.159725171136708,0.004757672227032461
2021-06-25,34168629,3,1918888,0.16897300691092526,0.006061150268971619
2021-06-25,34168629,4,3279312,0.12166672951256202,0.006550633292537068
2021-06-25,34168629,5,3715045,0.2751020852125702,0.008981108309878498
2021-06-25,34168629,6,2840611,0.13102523550788522,0.008809897941521492
2021-06-25,34168629,7,2234024,-0.0383795252920134,0.008292162697165137
2021-06-25,34168629,8,1583008,-0.02622907156121295,0.008241009482281321
2021-06-25,34168629,9,1712006,0.041064528971400296,0.006041786040661692
2021-06-25,34168629,10,931473,-0.10188969673244752,0.005125802373182624
2021-06-25,34168629,11,785805,0.05527404793322384,0.005053724139296801
2021-06-25,34168629,12,893315,-0.152714694435941,0.004770694226289684
2021-06-25,34168629,13,1035225,-0.09609030994690024,0.004732080008393309
2021-06-25,34168629,14,624856,0.08486297722347468,0.004401531840425924
2021-06-25,34168629,15,508526,-0.10205778477965446,0.0038027364348716887
2021-06-25,34168629,16,545617,0.21099783406736086,0.0035956912669099167
2021-06-25,34168629,17,506304,0.03146362738337097,0.002881052882239336
2021-06-25,34168629,18,580851,-0.11734369375372057,0.002317748569723638
2021-06-25,34168629,19,677652,0.04103772199659303,0.002139807930605009
2021-06-25,34168629,20,712756,-0.004299749466650379,0.0019132556433962558
2021-06-25,34168629,21,663396,0.018016934016462528,0.0020237383115718857
2021-06-25,34168629,22,762619,0.2542939692042003,0.002202890725985129
2021-06-25,34168629,23,1261555,-0.22373595744308258,0.0024226248375991324
2021-06-25,34168629,24,1838665,0.2449158419024524,0.0027221091087798435
2021-06-28,39587333,0,127720,0.1791044776119403,0.0027003878129914405
2021-06-28,39587333,1,3526618,-0.08714692826273847,0.002441515212718037
2021-06-28,39587333,2,3764308,0.1095047146786585,0.005677640147950007
2021-06-28,39587333,3,2942262,0.21732113558266666,0.008097211613154699
2021-06-28,39587333,4,1997757,0.30724127525003975,0.00852923198929237
2021-06-28,39587333,5,2140164,0.1051690129728225,0.009321577183280399
2021-06-28,39587333,6,1794941,0.6120067841881941,0.008212611990064443
2021-06-28,39587333,7,1337647,0.5184292688362276,0.005918630882770102
2021-06-28,39587333,8,1542713,0.07097792838276815,0.005836823162296634
2021-06-28,39587333,9,859302,0.23126738186665394,0.004523025370643699
2021-06-28,39587333,10,757367,0.2697996298559164,0.003742588899692232
2021-06-28,39587333,11,749330,0.3283527117771541,0.003468841324039146
2021-06-28,39587333,12,879125,0.020761398168131953,0.0021794166193398533
2021-06-28,39587333,13,2439899,0.13552680021344587,0.002380405843503583
2021-06-28,39587333,14,1063275,0.42272874379853764,0.0035855158811497023
2021-06-28,39587333,15,952208,-0.26481936793255567,0.003657307943488757
2021-06-28,39587333,16,1560408,0.020851688076911033,0.0036753645406586272
2021-06-28,39587333,17,1273707,-0.10777299307612068,0.003928675998546863
2021-06-28,39587333,18,1950200,0.28196256124342095,0.0027796102960699585
2021-06-28,39587333,19,1684481,0.084744453795356,0.004129106043749589
2021-06-28,39587333,20,1567428,0.0388619181651552,0.004377033098194967
2021-06-28,39587333,21,1045849,-0.06786608267277967,0.0048364781495367215
2021-06-28,39587333,22,919996,-0.6276736115980095,0.004915454805652327
2021-06-28,39587333,23,1198903,0.11078179899378024,0.0037710093212726405
2021-06-28,39587333,24,1511725,-0.04065361217035592,0.0037867418451138705
2021-06-29,26516733,0,253066,0.9960656253688476,0.0027328678383388687
2021-06-29,26516733,1,5292781,-0.132848909907962,0.0022244727631214245
2021-06-29,26516733,2,2378351,-0.056077567036976354,0.009297157395395725
2021-06-29,26516733,3,1055405,0.11039514127221793,0.01082143417742469
2021-06-29,26516733,4,977367,-0.06394911487904789,0.01095580873874265
2021-06-29,26516733,5,1671630,-0.1509203673922585,0.01107923946001731
2021-06-29,26516733,6,1195597,-0.12000678286585438,0.006949818586806056
2021-06-29,26516733,7,759292,-0.08231416701188057,0.004619105317185875
2021-06-29,26516733,8,953822,0.17595312562392676,0.0047984338927201855
2021-06-29,26516733,9,1130009,-0.07030646975770787,0.005559200638567298
2021-06-29,26516733,10,562930,0.0672262963938746,0.00575781948516648
2021-06-29,26516733,11,541024,-0.039347850449042036,0.005343663692418903
2021-06-29,26516733,12,724390,0.21690640437165068,0.004911123524720347
2021-06-29,26516733,13,587099,-0.6147033465372955,0.00408871618224703
2021-06-29,26516733,14,527951,-0.12776556687120125,0.00266458167518875
2021-06-29,26516733,15,677111,-0.17871370955164095,0.0027367345809894594
2021-06-29,26516733,16,753543,-0.19206846584904977,0.0030722808736507175
2021-06-29,26516733,17,839679,0.20452323226368627,0.0030170905971573423
2021-06-29,26516733,18,768528,-0.3694438038202472,0.0032187773194391456
2021-06-29,26516733,19,897358,0.23590835396233348,0.0034983312894556885
2021-06-29,26516733,20,553527,0.1602444426644178,0.003434982534128422
2021-06-29,26516733,21,598405,0.05809507574444123,0.0030685532008410555
2021-06-29,26516733,22,921945,0.28063419416129154,0.0029331852841474222
2021-06-29,26516733,23,830939,0.10652717468292715,0.0028979567496820436
2021-06-29,26516733,24,1064984,-0.032062542595996474,0.002993445216965504
2021-06-30,27306715,0,106200,-0.9598312914239807,0.0030918586450251594
2021-06-30,27306715,1,2363820,0.0817371283878147,0.0028624163315667836
2021-06-30,27306715,2,2343888,0.09006145538615291,0.0039989217902830386
2021-06-30,27306715,3,1522540,0.2475488041027721,0.00474255988361442
2021-06-30,27306715,4,1986956,0.36877446444960776,0.005631496337018145
2021-06-30,27306715,5,2288740,0.055397829782909545,0.006830718331709965
2021-06-30,27306715,6,2140683,-0.21221808614322127,0.006415060647639183
2021-06-30,27306715,7,1009740,0.04879708745653936,0.006132749404972663
2021-06-30,27306715,8,867775,-0.09806994204002314,0.005331044095085399
2021-06-30,27306715,9,694950,0.3169961377973841,0.004075754440999765
2021-06-30,27306715,10,620013,-0.3958171115433036,0.003692520165129771
2021-06-30,27306715,11,994660,0.2980467153302487,0.003047777877406787
2021-06-30,27306715,12,714061,-0.07510106945929221,0.003322930636623366
2021-06-30,27306715,13,769010,0.2690992918456213,0.00330058460758213
2021-06-30,27306715,14,685378,-0.08681405976411484,0.0032094733713072766
2021-06-30,27306715,15,720472,0.1391283909473297,0.003176514659511258
2021-06-30,27306715,16,1013013,0.18021069907131546,0.003417786297277985
2021-06-30,27306715,17,750181,0.1662285001780164,0.0033980082408974505
2021-06-30,27306715,18,772909,-0.24873046217959818,0.003147774518973207
2021-06-30,27306715,19,938147,0.31380047527221194,0.003038625982350284
2021-06-30,27306715,20,701479,0.19151530081273357,0.002572573866019698
2021-06-30,27306715,21,579194,-0.037307120866005884,0.002054724742366308
2021-06-30,27306715,22,719813,-0.08550353164532155,0.0018629770183583145
2021-06-30,27306715,23,925264,-0.28407119832035155,0.0018088975340224348
2021-06-30,27306715,24,1077829,-0.12302395349297957,0.001244537109600137
